Epoch	AverageEpRet	StdEpRet	MaxEpRet	MinEpRet	AverageTestEpRet	StdTestEpRet	MaxTestEpRet	MinTestEpRet	EpLen	TestEpLen	TotalEnvInteracts	AverageQVals	StdQVals	MaxQVals	MinQVals	LossPi	LossQ	Time
1	-27.521698	4.6699715	-18.01713	-39.305023	-14.493999	6.612659	-6.657049	-22.278322	60.0	60.0	3999	-1.5768187	1.0555571	1.2490846	-5.816095	1.3478545	0.01736609	5.6948769092559814
2	-27.83265	5.067097	-16.96762	-37.934452	-12.687547	6.719968	-4.798898	-25.159803	60.0	60.0	7999	-2.8315995	1.7941678	2.649881	-9.355867	2.4692345	0.03265734	12.95426058769226
3	-21.474155	9.157898	-5.7396297	-38.49207	-14.394155	7.95625	-6.733535	-28.856707	60.0	60.0	11999	-2.6589718	1.9023519	4.9599476	-9.20735	2.2809694	0.03823841	20.448633193969727
4	-12.27487	3.7413514	-5.914756	-27.419844	-11.3801775	3.550666	-7.2695193	-19.201088	60.0	60.0	15999	-2.307091	1.9729297	4.3695946	-8.940463	2.0161397	0.03993994	28.2399742603302
5	-13.124593	4.2756743	-5.911894	-24.890152	-12.966713	4.8972354	-6.7543445	-22.115732	60.0	60.0	19999	-2.317221	1.8485563	4.6824193	-8.989902	2.0676324	0.044743486	36.205859422683716
6	-11.819675	4.683709	-4.7824974	-24.742687	-8.311819	4.3719006	-3.5539463	-16.032621	60.0	60.0	23999	-2.2161016	1.8930964	3.8697486	-9.448858	1.9821143	0.05157154	46.275545597076416
7	-13.596986	5.540978	-4.1990805	-32.590317	-11.069701	3.556157	-5.3060384	-16.06168	60.0	60.0	27999	-2.1623802	1.8454007	2.9209292	-9.628286	1.9479271	0.049070198	56.7635452747345
8	-11.051492	3.6959755	-3.9457626	-22.010836	-11.155839	5.1353664	-5.965927	-19.579895	60.0	60.0	31999	-2.1795785	1.687186	1.4309961	-9.131731	1.9911454	0.045134444	69.05967330932617
9	-10.983821	4.103218	-5.0284677	-27.030527	-9.884946	3.985969	-4.754008	-18.567596	60.0	60.0	35999	-2.1742551	1.6454178	3.1627882	-9.226023	1.9977014	0.046618275	82.77762126922607
10	-11.609993	5.7980657	-3.7339396	-35.08938	-9.620066	3.9570057	-6.196305	-19.88694	60.0	60.0	39999	-2.2420716	1.6362482	1.3428152	-9.984436	2.0790718	0.045790944	96.99662804603577
11	-11.061817	4.293171	-4.7549553	-26.191797	-10.987377	4.5403595	-6.235972	-21.138042	60.0	60.0	43999	-2.2391918	1.6437796	0.7945992	-9.426946	2.0792613	0.04851129	110.98474383354187
12	-10.67857	4.3784056	-4.1376314	-23.77545	-7.8124022	3.428714	-4.250324	-14.170103	60.0	60.0	47999	-2.159874	1.6496205	1.5097203	-9.520023	2.00545	0.047341842	125.1006600856781
13	-10.126123	4.369906	-4.5051537	-26.324024	-9.150042	5.750076	-3.0291848	-22.18211	60.0	60.0	51999	-2.1607122	1.6297184	1.5105278	-9.789023	2.0181875	0.045242276	139.06384587287903
14	-11.028456	6.0396423	-4.061548	-31.171562	-6.541201	3.5039392	-2.9217262	-14.7013235	60.0	60.0	55999	-2.1823773	1.6220778	0.7304125	-9.646417	2.0451672	0.047133293	153.04513835906982
15	-8.893609	3.4884865	-3.0806599	-23.1654	-6.9161057	3.2008176	-2.96136	-12.316965	60.0	60.0	59999	-2.1235487	1.6413078	0.8944543	-9.714461	1.9883517	0.044902243	166.90671229362488
16	-9.455093	4.821168	-3.8996103	-25.575832	-7.036525	3.889087	-2.2901704	-14.315605	60.0	60.0	63999	-2.0425591	1.594883	1.5448213	-9.823862	1.9095685	0.044424415	180.8915069103241
17	-9.287834	3.2509425	-3.6032903	-21.570753	-6.5375223	1.7289656	-4.6084824	-10.098314	60.0	60.0	67999	-2.007497	1.5575498	2.03799	-9.869009	1.8815147	0.044174083	194.88341903686523
18	-10.12022	6.4322042	-3.8500736	-39.992985	-6.6387405	1.3339727	-4.164603	-8.663412	60.0	60.0	71999	-1.999139	1.5299187	1.051496	-9.724538	1.8763852	0.04338182	208.91721057891846
19	-9.599708	3.9487712	-3.737896	-22.965584	-6.609014	2.0499768	-3.780231	-10.279299	60.0	60.0	75999	-1.9228369	1.579539	1.4667988	-9.439021	1.7993746	0.042130057	222.98023128509521
20	-8.168009	2.3616087	-4.123171	-16.354065	-7.6175017	3.5960755	-4.432162	-16.68391	60.0	60.0	79999	-1.8535894	1.6199511	1.1136963	-9.431052	1.7355891	0.039306663	237.12141156196594
21	-9.199062	3.4270244	-3.5822258	-22.075539	-6.8897333	2.2724698	-3.4787958	-11.081036	60.0	60.0	83999	-1.7609208	1.6091231	1.9565122	-9.899123	1.642174	0.038901612	251.20676159858704
22	-8.26114	3.1250587	-3.434363	-20.974554	-8.816917	3.194608	-4.2081547	-16.736387	60.0	60.0	87999	-1.7704581	1.566969	1.7338934	-9.634983	1.6588836	0.03821688	264.9093551635742
23	-7.793826	1.957592	-2.8341467	-12.468306	-7.1035447	1.932239	-3.885741	-9.984389	60.0	60.0	91999	-1.7855182	1.5930836	1.5432241	-9.6667385	1.6767181	0.037408214	278.5673270225525
24	-7.590182	2.0388267	-4.259014	-16.406658	-6.7609468	2.6167626	-2.094299	-12.102913	60.0	60.0	95999	-1.7535547	1.5760666	1.864738	-9.8031	1.647102	0.03577246	292.2156250476837
25	-7.9381824	2.2663221	-3.4627888	-12.963436	-7.7205315	2.134952	-4.4526453	-11.309728	60.0	60.0	99999	-1.7190988	1.5598147	2.651453	-9.612725	1.616482	0.035190605	305.9089684486389
26	-8.2424345	2.6902547	-4.002255	-15.810245	-6.3129263	1.8477304	-3.690892	-9.084493	60.0	60.0	103999	-1.7155674	1.5383173	1.2916648	-9.31352	1.6153457	0.033481278	319.4827697277069
27	-8.080044	2.433268	-4.1617136	-14.10902	-7.2069907	4.1290717	-3.5025928	-18.705938	60.0	60.0	107999	-1.708577	1.5163076	0.71136934	-9.656259	1.6113582	0.033084694	333.0879509449005
28	-7.601873	2.605979	-3.6510267	-15.75406	-5.323596	1.8152242	-2.345748	-8.383353	60.0	60.0	111999	-1.6908866	1.5219437	1.5885822	-9.363443	1.5958811	0.031197814	346.8165647983551
29	-8.055157	2.5141363	-4.523318	-15.553982	-7.128904	3.8501446	-3.129223	-16.906286	60.0	60.0	115999	-1.6772159	1.5313447	1.4635744	-10.244086	1.5828841	0.031634588	360.3620820045471
30	-8.511809	3.1855688	-3.9024496	-19.9317	-5.6952724	2.4196994	-2.5457487	-10.580306	60.0	60.0	119999	-1.6085416	1.5336214	1.6426463	-9.796293	1.5124183	0.031035129	374.32351994514465
31	-7.901911	2.4184475	-3.865824	-16.231508	-6.1464443	1.8945863	-2.0030584	-8.730021	60.0	60.0	123999	-1.540028	1.504506	1.0284696	-9.928107	1.4464864	0.028952165	387.9600112438202
32	-7.9705048	2.5602107	-3.0735104	-15.133693	-6.1765428	3.0486443	-2.0624375	-11.586827	60.0	60.0	127999	-1.5619067	1.4962803	1.7276944	-9.537636	1.4718649	0.02898656	401.65190029144287
33	-7.6059666	2.0484471	-3.160071	-12.010882	-4.6117635	2.4271023	-1.7459539	-10.276232	60.0	60.0	131999	-1.5499818	1.5023994	1.4053743	-10.100115	1.4606421	0.028756745	415.27498054504395
34	-7.454269	2.1539693	-4.0377636	-16.57778	-5.709502	1.7637317	-3.469006	-7.9424043	60.0	60.0	135999	-1.527467	1.47827	3.070094	-9.510241	1.4399631	0.027500317	428.8486611843109
35	-8.268382	3.2517715	-2.853887	-24.985025	-6.0630403	2.129118	-2.596196	-9.723746	60.0	60.0	139999	-1.5389947	1.4799519	1.5116776	-9.917647	1.4540535	0.028625177	442.4905381202698
36	-7.478819	2.27706	-3.6795511	-12.30572	-6.5274134	1.9569323	-2.7897553	-10.185898	60.0	60.0	143999	-1.5471022	1.4864858	2.1687593	-10.062639	1.4627137	0.028895766	456.0469808578491
37	-7.956037	2.2394881	-3.8133407	-13.795517	-7.48761	5.0819135	-3.190943	-21.65194	60.0	60.0	147999	-1.4921257	1.4950486	2.3365948	-9.764635	1.4036304	0.028248325	469.67966198921204
38	-8.711528	3.0437846	-4.1928444	-23.60001	-7.9817543	3.8037312	-3.6439517	-16.414015	60.0	60.0	151999	-1.3312025	1.5181192	2.639636	-9.966672	1.2387087	0.030045453	483.34241366386414
39	-8.365102	2.9617307	-4.4621396	-18.1492	-5.595605	2.2138233	-3.179776	-11.497347	60.0	60.0	155999	-1.3840475	1.4626712	2.1570678	-10.1740055	1.3029482	0.02765653	496.91048216819763
40	-7.8983045	2.0494866	-4.2127094	-15.56925	-6.5844817	1.0573909	-5.069366	-8.189423	60.0	60.0	159999	-1.4668939	1.4511205	3.3769047	-9.999804	1.3872797	0.02732045	510.83973145484924
41	-7.629482	2.2383883	-3.122167	-14.032178	-5.765387	1.6577067	-3.203117	-7.8842125	60.0	60.0	163999	-1.5115126	1.4635259	1.9380548	-10.17498	1.4347603	0.028853286	524.3302705287933
42	-7.6679306	1.8362459	-4.0568457	-11.319471	-4.685398	1.4322046	-2.3492165	-6.7904744	60.0	60.0	167999	-1.5165906	1.4721373	1.519401	-9.932079	1.4375713	0.028378693	538.0554602146149
43	-8.217529	4.962724	-3.578089	-32.135265	-9.366011	6.330974	-3.2226503	-21.916275	60.0	60.0	171999	-1.4568083	1.444141	2.5082438	-10.041298	1.3780938	0.026779743	551.5595695972443
44	-7.9404416	3.1102467	-4.017679	-17.656971	-5.9029922	1.9090338	-3.5001867	-10.205042	60.0	60.0	175999	-1.429187	1.4264784	1.5794216	-10.127434	1.3516562	0.024866771	565.228630065918
45	-7.549707	1.8554771	-3.1784327	-12.102847	-5.87464	2.1849442	-1.990545	-8.061874	60.0	60.0	179999	-1.430939	1.4571352	1.5994793	-9.86567	1.3539788	0.025213247	578.9068348407745
46	-6.8316774	1.966243	-3.6445885	-11.339828	-5.3913684	2.1164067	-2.3556492	-9.781127	60.0	60.0	183999	-1.4251055	1.4530144	1.882478	-10.457528	1.3483926	0.025102228	592.3650262355804
47	-8.297627	4.641498	-4.3522325	-22.916605	-5.903024	2.1561275	-3.180374	-9.858819	60.0	60.0	187999	-1.3131055	1.514384	6.3585668	-10.225437	1.2238402	0.02895161	606.1073322296143
48	-8.022704	2.582732	-2.9265578	-13.475297	-7.589999	1.3787177	-5.8090525	-10.732766	60.0	60.0	191999	-1.0836936	1.6081853	4.2293243	-9.855939	0.99353635	0.03178873	619.6572177410126
49	-7.997677	2.4688122	-3.3410254	-14.234074	-5.228064	2.1924903	-2.1193178	-9.441724	60.0	60.0	195999	-1.1402313	1.4577458	5.429746	-9.620647	1.0610597	0.027106615	633.2287018299103
50	-7.5686955	2.2423353	-3.1697476	-14.654263	-5.881656	2.057821	-2.7070987	-8.735259	60.0	60.0	199999	-1.2453921	1.4388258	1.7232891	-9.851576	1.1708845	0.025038056	647.2840826511383
51	-7.4266376	1.8042915	-4.0953326	-12.125413	-4.9846444	1.8323357	-2.6450973	-8.9221735	60.0	60.0	203999	-1.3011103	1.4244053	4.6367884	-10.0724325	1.2266068	0.024562325	660.9442310333252
52	-8.832063	4.674315	-3.6396945	-24.439611	-6.8229704	5.0682087	-3.2176633	-21.434845	60.0	60.0	207999	-1.3356588	1.3754308	2.4555733	-9.913683	1.25945	0.024163354	674.6887392997742
53	-7.7089143	3.333883	-4.102976	-28.75643	-6.517659	2.3753238	-2.2354133	-10.913115	60.0	60.0	211999	-1.3782859	1.414881	5.007365	-9.8683405	1.3070022	0.025886405	688.4346461296082
54	-7.4213567	2.0199404	-3.1747837	-11.38284	-5.9717717	2.2493088	-3.0840611	-9.626658	60.0	60.0	215999	-1.3819261	1.4136399	1.4362551	-9.590317	1.311563	0.024125863	702.0627107620239
55	-7.6439743	3.0742674	-3.3102646	-25.34529	-8.648876	3.735126	-4.695247	-15.793347	60.0	60.0	219999	-1.3589864	1.4159104	2.1555448	-10.086393	1.287934	0.024035422	715.6426265239716
56	-8.52356	4.1624403	-3.736038	-25.877888	-7.107383	4.192767	-2.4326086	-14.982971	60.0	60.0	223999	-1.2117814	1.509934	2.9159684	-10.382006	1.1284772	0.02561536	729.3740181922913
57	-7.500284	2.1688745	-3.542578	-13.488212	-7.0067053	1.4545833	-5.1190023	-9.92997	60.0	60.0	227999	-1.1673081	1.4891533	1.8133192	-9.760034	1.0922565	0.025607489	742.9597961902618
58	-7.8668084	3.275058	-3.7882333	-17.446781	-6.6490316	1.9410703	-3.5615337	-9.115646	60.0	60.0	231999	-1.1919619	1.4220071	1.8256444	-9.397103	1.1183406	0.022462877	756.5272145271301
59	-7.6881876	2.4038334	-4.0644765	-15.981855	-5.755044	1.5306731	-4.2878823	-9.200181	60.0	60.0	235999	-1.219591	1.3899509	1.7377964	-9.812611	1.1490479	0.021212725	770.3000180721283
60	-7.060419	2.0553145	-3.8122907	-11.629673	-6.2013836	1.4767182	-3.9530182	-8.195537	60.0	60.0	239999	-1.2736207	1.3894113	1.6991117	-10.314745	1.2047502	0.022089235	784.2516560554504
61	-7.421755	2.076957	-3.0889008	-11.45804	-4.34223	1.8963714	-2.1258097	-7.7287416	60.0	60.0	243999	-1.2709782	1.3788742	1.3708898	-9.585248	1.2016441	0.021615872	797.7136554718018
62	-7.4540663	2.243319	-3.1346428	-12.597899	-5.1800694	2.2949176	-2.1982667	-10.518144	60.0	60.0	247999	-1.2833487	1.378101	2.8187618	-10.378063	1.2159331	0.021704243	811.4564635753632
63	-6.5567923	1.9008361	-3.52596	-10.507769	-5.5193357	1.6161801	-2.907176	-8.9679985	60.0	60.0	251999	-1.2855011	1.3735285	2.7565663	-9.630856	1.217635	0.02198494	825.203372001648
64	-7.9393144	3.3000224	-3.7940812	-23.121466	-7.921145	6.2306423	-3.7093275	-26.187963	60.0	60.0	255999	-1.2649108	1.3824642	13.67647	-9.384701	1.1874956	0.027164467	838.7692437171936
65	-15.308536	8.456062	-5.146048	-36.22196	-12.339017	5.301263	-5.228966	-21.382296	60.0	60.0	259999	-0.43618882	2.4560108	16.014153	-10.322793	0.24638805	0.07926437	852.3689482212067
66	-11.870933	5.2995014	-4.685324	-31.899956	-10.175276	3.110459	-4.5978346	-13.842971	60.0	60.0	263999	0.93358827	3.5863752	14.377695	-10.346691	-1.1187415	0.24074708	866.0911045074463
67	-9.488468	3.021261	-3.430402	-19.295952	-9.2665615	3.488925	-3.9108968	-16.366764	60.0	60.0	267999	0.9286007	3.2508347	11.194096	-11.143849	-1.0594412	0.2019726	879.7305262088776
68	-9.052953	3.3817494	-4.349394	-19.074007	-7.243675	3.1094115	-3.4272096	-13.415098	60.0	60.0	271999	0.85221314	3.2060559	11.180629	-9.630149	-0.9780332	0.18851978	893.3195562362671
69	-8.7170105	2.5782804	-4.351033	-14.555297	-8.800505	3.4885893	-3.3299446	-14.965137	60.0	60.0	275999	0.3523583	2.6842983	10.948875	-10.1149235	-0.4536195	0.11237136	907.0944001674652
70	-9.400271	2.8513682	-4.0272303	-16.082512	-6.131778	2.0297618	-1.7020717	-8.756679	60.0	60.0	279999	0.029791215	2.2923083	7.386557	-9.966823	-0.12282957	0.079721786	921.1304738521576
71	-7.7617507	2.0569692	-3.7195728	-11.6924305	-5.609738	1.396937	-3.917194	-7.8802276	60.0	60.0	283999	-0.437392	1.8270494	4.534179	-9.723178	0.36179098	0.044780806	934.6378145217896
72	-8.013099	1.91219	-3.7043493	-12.1241	-6.416053	2.9792395	-2.137202	-10.350006	60.0	60.0	287999	-0.8168176	1.5168229	2.7082558	-9.618689	0.74799424	0.026370443	948.254768371582
73	-7.5701694	2.1084816	-4.0045915	-12.225026	-5.7629104	2.7309442	-2.0555794	-10.630563	60.0	60.0	291999	-1.0753549	1.3992585	1.1311787	-11.73411	1.0092992	0.024948357	962.0209443569183
74	-7.6177607	2.051031	-3.2468996	-11.765768	-5.2282534	1.622244	-2.4696572	-7.9192243	60.0	60.0	295999	-1.2205622	1.3766168	0.7038741	-11.348533	1.1537459	0.025227757	975.8100154399872
75	-7.8591347	2.0640118	-3.8790073	-12.247201	-6.7362976	1.7656134	-3.5765805	-9.949944	60.0	60.0	299999	-1.2704859	1.359863	0.15720189	-10.951145	1.2041948	0.025294766	989.4158411026001
76	-7.606165	2.0798714	-3.6496148	-11.99709	-4.0816965	1.9275005	-1.6014344	-7.167179	60.0	60.0	303999	-1.2828721	1.3685383	0.11810589	-9.870129	1.2166883	0.02556165	1003.0376036167145
77	-7.3958855	2.0830705	-3.6457646	-15.019251	-6.0966187	2.206695	-3.0120504	-10.087503	60.0	60.0	307999	-1.2779611	1.390315	0.1529522	-10.241889	1.2110205	0.024979977	1016.839807510376
78	-7.434948	2.0168824	-3.679963	-12.404695	-6.009518	2.159796	-2.6576118	-10.011723	60.0	60.0	311999	-1.2403759	1.3748908	0.20512617	-10.27163	1.173135	0.023142813	1030.4998519420624
79	-7.008766	2.0047321	-3.5920382	-11.278081	-6.408204	2.3941615	-2.8723757	-9.847357	60.0	60.0	315999	-1.2402718	1.372886	0.06339049	-10.46723	1.1748699	0.023734296	1043.997915506363
80	-6.942375	1.8431703	-3.2054038	-10.437337	-4.705407	1.8742888	-2.2005234	-8.059984	60.0	60.0	319999	-1.2262446	1.364248	0.069432616	-9.772748	1.1602939	0.02292866	1057.8178596496582
81	-7.3449907	2.1311908	-3.740487	-11.59322	-6.3470716	2.3117797	-1.6794816	-9.961801	60.0	60.0	323999	-1.2207227	1.3730412	1.2249609	-10.893095	1.1549087	0.021971093	1071.5709249973297
82	-7.156639	2.0471969	-3.4523358	-14.468325	-6.0369897	1.8603424	-2.811534	-8.38093	60.0	60.0	327999	-1.2093337	1.3471779	1.4290737	-9.943002	1.144802	0.021206405	1085.3521904945374
83	-7.253715	1.9530963	-3.527185	-11.302891	-5.7718062	2.5154219	-2.2190967	-9.460037	60.0	60.0	331999	-1.2080142	1.3424789	0.99131835	-10.2565155	1.142827	0.020730307	1098.9420025348663
84	-7.328795	2.0476384	-3.908718	-11.702297	-5.332952	2.5546398	-1.3781501	-8.951297	60.0	60.0	335999	-1.1958811	1.3361613	0.5071819	-10.187488	1.1311324	0.020579109	1112.4911797046661
85	-7.2210536	1.7631168	-3.6711564	-10.697548	-6.144595	2.0443068	-3.1060395	-9.398158	60.0	60.0	339999	-1.1820511	1.3511591	0.92394316	-9.77286	1.1173844	0.021941021	1126.2516314983368
86	-6.945838	1.8771967	-3.697204	-11.012618	-4.9665885	2.2367766	-1.6905342	-8.300053	60.0	60.0	343999	-1.1903557	1.3450118	0.56107426	-10.433074	1.1269022	0.020583797	1139.9183704853058
87	-7.170102	1.9342434	-3.2521462	-11.32751	-5.4286947	2.0317104	-2.9796472	-8.996831	60.0	60.0	347999	-1.1953847	1.3436277	1.3670049	-9.969988	1.1315974	0.018989837	1153.6479527950287
88	-7.3098507	2.1016405	-3.3364823	-11.526486	-4.9208727	2.0871542	-2.6741095	-8.980493	60.0	60.0	351999	-1.191368	1.3410647	1.5702603	-10.0633955	1.128192	0.019842518	1167.1164133548737
89	-6.973292	2.0576823	-3.6974878	-12.259783	-4.2885675	1.802086	-1.9907708	-7.3314223	60.0	60.0	355999	-1.1971345	1.3309402	1.0269954	-10.503129	1.1351658	0.019601699	1180.8035612106323
90	-7.5293674	2.1179812	-2.9214149	-11.90017	-4.7541337	1.7632421	-2.2503057	-8.862427	60.0	60.0	359999	-1.1834873	1.3509077	1.1750059	-12.016055	1.1200118	0.019533562	1194.8394496440887
91	-7.467817	1.981684	-4.059805	-10.9693575	-4.9831934	2.129264	-2.4319117	-8.98384	60.0	60.0	363999	-1.148727	1.3441648	0.55781424	-9.714589	1.0852469	0.018533828	1208.5877048969269
92	-7.26034	1.9194459	-3.0064452	-11.035299	-5.4037933	1.7207931	-3.1826265	-8.029938	60.0	60.0	367999	-1.1345422	1.3334937	0.57292795	-19.128323	1.071697	0.017939864	1222.1772878170013
93	-7.3197803	1.9670558	-3.4495173	-11.142858	-5.170547	1.5475602	-2.3918238	-7.4723015	60.0	60.0	371999	-1.1362444	1.3231796	0.16220784	-10.359562	1.0733013	0.017718634	1235.8036382198334
94	-7.1569304	1.9007411	-3.4457028	-10.584974	-6.0859194	1.4865966	-2.740312	-8.230309	60.0	60.0	375999	-1.1365913	1.3151188	0.2506659	-10.116484	1.0748016	0.017786717	1249.5454297065735
95	-7.3153567	1.9968061	-3.3127487	-12.098455	-5.021602	2.1894293	-1.9389577	-8.764697	60.0	60.0	379999	-1.1421977	1.321786	0.29254448	-9.763674	1.0797104	0.018532768	1263.3239970207214
96	-6.733607	1.9924588	-3.375034	-11.070963	-5.4850583	1.8199239	-2.7012014	-8.358479	60.0	60.0	383999	-1.1263319	1.3237706	0.84540963	-9.454298	1.0641184	0.017937405	1277.1767332553864
97	-7.350657	1.9300007	-3.2877111	-11.815155	-5.1575975	1.3242882	-2.8771565	-7.5296082	60.0	60.0	387999	-1.1077704	1.3126659	0.36686265	-10.219341	1.0461485	0.016606962	1290.8942449092865
98	-7.2697783	2.1271925	-3.2188559	-11.786965	-6.276781	2.0440972	-2.2653456	-8.593858	60.0	60.0	391999	-1.1250461	1.292241	0.5122708	-9.956077	1.0648568	0.01678746	1303.7117958068848
99	-7.1503263	1.7489061	-3.4356637	-10.087629	-5.2991266	1.5275621	-3.374224	-8.005054	60.0	60.0	395999	-1.1385369	1.2982566	1.2617097	-9.575129	1.0784651	0.016832178	1316.5410680770874
100	-7.1022177	1.9360975	-2.9148545	-12.459891	-6.25817	1.8593056	-1.7222546	-8.458852	60.0	60.0	399999	-1.1289767	1.304063	0.9149929	-9.343566	1.0683599	0.017765995	1329.5367443561554
101	-6.9356966	1.9641141	-2.9779916	-11.932107	-5.742817	1.8667072	-2.1356604	-8.446697	60.0	60.0	403999	-1.1187571	1.3005965	1.4116417	-11.595414	1.0590383	0.016572598	1342.3126621246338
102	-7.0879917	2.089972	-3.0791206	-11.198497	-5.986932	2.0673375	-2.729067	-9.453019	60.0	60.0	407999	-1.107474	1.2972777	1.1729965	-14.743386	1.0467052	0.016834974	1355.1262023448944
103	-7.575615	2.0673378	-3.5810924	-12.384253	-4.988942	1.0018923	-3.260037	-6.7741904	60.0	60.0	411999	-1.0776743	1.3267366	1.5076793	-9.782087	1.0159397	0.017837368	1367.961844921112
104	-7.117651	1.8615127	-3.5668893	-10.922501	-5.909136	1.9116197	-2.8911977	-8.239126	60.0	60.0	415999	-1.0691726	1.308774	7.023259	-9.777473	1.00774	0.016696392	1380.7675333023071
105	-7.3128295	1.8486944	-3.7214622	-11.146314	-3.8534985	1.9935306	-1.8251284	-8.506331	60.0	60.0	419999	-1.0792375	1.2952946	0.8234509	-9.562863	1.0194533	0.016484963	1393.6031467914581
106	-6.952529	1.9076092	-3.5169013	-10.589492	-4.319484	1.4969877	-2.413776	-6.7729855	60.0	60.0	423999	-1.0946596	1.2950699	3.0067003	-10.048768	1.0362674	0.017082466	1406.366541147232
107	-8.033876	3.59634	-4.0766983	-21.461123	-8.006356	4.044818	-2.3019724	-16.712492	60.0	60.0	427999	-1.0651836	1.2547474	5.33467	-11.155885	0.9964193	0.019641457	1419.223670721054
108	-7.873832	2.5719123	-3.568198	-18.83885	-4.9572067	1.862827	-2.340403	-8.289334	60.0	60.0	431999	-1.0011942	1.2780228	2.0780826	-10.231728	0.93476915	0.017130531	1431.9963493347168
109	-7.64436	2.5901923	-3.537317	-19.7408	-5.3721395	2.0410173	-2.4531996	-8.373582	60.0	60.0	435999	-1.0324173	1.2946228	0.96494055	-11.870242	0.9710807	0.017689688	1444.8068916797638
110	-7.408487	2.2859275	-3.1582167	-12.20588	-5.0156336	1.785149	-2.0192823	-7.050367	60.0	60.0	439999	-1.07624	1.2936192	2.807274	-10.290371	1.0182657	0.016721472	1457.836629152298
111	-7.3230686	1.9689071	-3.6790524	-11.456569	-4.83349	1.4403087	-2.7432058	-7.8572717	60.0	60.0	443999	-1.111479	1.3044664	0.11816907	-11.161585	1.0537274	0.016682092	1470.612562417984
112	-6.9422684	1.8552978	-3.3803227	-11.786951	-5.418559	1.8369423	-2.430934	-7.6764812	60.0	60.0	447999	-1.1183147	1.303145	0.80871224	-11.173149	1.060884	0.01716022	1483.4602620601654
113	-7.05934	1.7651136	-3.4058492	-12.037236	-5.0188456	1.9053698	-2.43695	-8.759389	60.0	60.0	451999	-1.119707	1.303002	1.6680284	-10.838304	1.0622145	0.018002937	1496.2968230247498
114	-7.011783	1.8765804	-3.3135495	-10.971598	-5.3936834	1.6161892	-2.224033	-7.6158166	60.0	60.0	455999	-1.1109227	1.294874	0.047672987	-10.696099	1.0537416	0.016078698	1509.1335871219635
115	-6.81443	1.8809185	-3.2246783	-10.73669	-5.319077	1.6219184	-3.4355083	-9.143834	60.0	60.0	459999	-1.0946084	1.2950083	0.7224331	-10.680292	1.0365651	0.016422143	1521.9952173233032
116	-7.0546002	1.9085733	-3.772235	-10.946847	-5.650281	1.8880718	-3.5509524	-9.332027	60.0	60.0	463999	-1.0978379	1.289136	1.9831331	-11.912879	1.0407261	0.015017733	1534.7748177051544
117	-7.0809712	2.0115805	-4.175598	-11.78832	-4.401056	1.1018504	-2.791209	-6.386725	60.0	60.0	467999	-1.0973803	1.2810673	2.2617161	-11.235335	1.0413833	0.01598123	1547.5851244926453
118	-7.3086824	2.2854702	-3.107849	-11.832833	-5.2087336	1.8294753	-2.378303	-8.021044	60.0	60.0	471999	-1.0896727	1.2810751	0.79575014	-10.657684	1.0334065	0.01520978	1560.3309936523438
119	-7.6089067	2.0321374	-3.2538095	-12.541977	-5.883731	1.9098457	-3.4734023	-8.022536	60.0	60.0	475999	-1.0866053	1.2875113	0.30551314	-11.42675	1.0300083	0.015624683	1573.1211488246918
120	-7.351179	2.028248	-3.6063657	-11.696931	-5.602895	1.7925935	-3.0124278	-8.387189	60.0	60.0	479999	-1.074383	1.2988193	1.9257863	-11.937726	1.0164922	0.01572107	1586.2338728904724
121	-7.036317	1.768071	-3.1855576	-10.281973	-5.3628035	2.0362573	-2.3931482	-9.635532	60.0	60.0	483999	-1.0440378	1.2957106	1.151742	-10.564903	0.98641574	0.014433858	1598.9831459522247
122	-6.9166837	2.0541296	-3.1167963	-11.27597	-5.0456247	1.5724292	-2.6684937	-8.366536	60.0	60.0	487999	-1.0280333	1.2898353	1.8367312	-9.852199	0.9711048	0.014286689	1611.754393339157
123	-7.157528	1.9196478	-3.3386524	-10.988826	-3.7717888	0.9890385	-1.870312	-5.3855305	60.0	60.0	491999	-1.0277786	1.2875836	1.5100088	-10.033486	0.9716477	0.01477705	1624.5931203365326
124	-6.730313	1.8484441	-3.5726385	-11.413975	-5.258666	1.5162307	-3.3121047	-7.470576	60.0	60.0	495999	-1.0360478	1.2767506	0.892261	-9.934396	0.9800338	0.015219789	1637.473152399063
125	-7.129485	1.957814	-3.4367905	-11.721115	-5.394946	2.0087671	-2.7552052	-8.782302	60.0	60.0	499999	-1.0389006	1.279096	0.76331186	-9.627358	0.98283887	0.013561842	1650.2937922477722
126	-6.9883842	1.9440224	-3.3042529	-11.687823	-5.452379	2.2771053	-1.8613605	-8.795865	60.0	60.0	503999	-1.035525	1.2650516	1.3837416	-11.898297	0.9799044	0.014680938	1663.3146777153015
127	-6.8305354	1.7891119	-3.2313395	-10.77761	-5.581439	1.7591202	-2.8501399	-8.036552	60.0	60.0	507999	-1.0499231	1.2875143	0.5548103	-10.50079	0.9945554	0.014330759	1676.4938571453094
128	-7.130903	1.8939195	-3.249125	-10.358559	-5.8956633	1.3980232	-2.744822	-7.8204427	60.0	60.0	511999	-1.0501047	1.269512	0.67088723	-10.352114	0.9961095	0.014229353	1689.594333410263
129	-6.5910077	1.746681	-3.5279374	-11.072264	-6.3062105	1.5912768	-3.3948321	-8.090677	60.0	60.0	515999	-1.0710906	1.2801473	0.7884569	-10.531397	1.016896	0.014980528	1702.7547085285187
130	-7.5561295	1.923035	-3.7012672	-10.524476	-5.9179773	1.7782278	-2.4616754	-7.853312	60.0	60.0	519999	-1.0668116	1.2807856	0.58513236	-9.690865	1.0130345	0.015612098	1716.3117184638977
131	-7.565935	2.5542557	-3.6235664	-19.657255	-5.702386	3.7543962	-1.4196368	-15.577721	60.0	60.0	523999	-1.0535454	1.265815	1.0885937	-11.318613	0.99648756	0.014825874	1729.5895731449127
132	-8.314401	3.0357141	-3.9186738	-20.71235	-4.17756	1.2856493	-2.7004735	-7.2832327	60.0	60.0	527999	-1.032237	1.2632273	1.0704055	-14.301804	0.9741313	0.014514393	1742.8730177879333
133	-7.296974	1.782741	-3.3382947	-10.947517	-5.207523	1.8917942	-3.3797908	-8.775127	60.0	60.0	531999	-1.0284603	1.279549	1.0979183	-10.84586	0.97329336	0.014687151	1756.097990989685
134	-7.2915564	1.7877356	-3.265595	-10.761234	-5.302786	2.023672	-2.7011309	-9.139575	60.0	60.0	535999	-1.0074185	1.2855294	1.1928606	-10.671474	0.95097613	0.014323577	1769.447597026825
135	-7.368507	1.9870226	-4.010753	-10.869424	-4.788005	1.4457201	-2.8395724	-7.5456185	60.0	60.0	539999	-1.0019178	1.2769997	3.5888617	-9.873465	0.9471539	0.013437938	1782.7985923290253
136	-7.2069197	1.8805097	-3.6396692	-11.682959	-4.9269876	1.7236762	-2.7998214	-7.3191047	60.0	60.0	543999	-1.0305334	1.263577	1.2385721	-12.6019945	0.97718847	0.014556015	1795.984525680542
137	-6.860935	1.9970803	-3.3953323	-10.776884	-4.900392	1.4886335	-3.0121572	-7.185886	60.0	60.0	547999	-1.0555758	1.2543749	1.547744	-9.943259	1.0026165	0.015307649	1809.2820467948914
138	-6.7127104	1.9643092	-3.6128478	-10.452531	-5.4491944	1.6606398	-3.3955	-7.8427916	60.0	60.0	551999	-1.0586227	1.2597646	1.3781774	-11.345287	1.0049496	0.014519642	1822.4403483867645
139	-7.182561	2.0038388	-3.2755408	-11.083857	-4.229255	1.9238367	-1.7375448	-8.232652	60.0	60.0	555999	-1.0494004	1.2511277	1.1225407	-10.112561	0.99569607	0.014427295	1835.631141424179
140	-7.377363	2.135187	-3.6684515	-12.04092	-5.8225284	2.3073523	-2.2681332	-8.68002	60.0	60.0	559999	-1.0519639	1.260105	0.558831	-10.407299	0.99878645	0.015217979	1849.1046130657196
141	-6.9617157	1.7460673	-3.6148725	-10.882283	-5.160502	2.3135884	-2.2532694	-9.167277	60.0	60.0	563999	-1.0613172	1.2613969	0.76123357	-10.450535	1.0086367	0.014893736	1862.2772815227509
142	-7.0650754	1.9985732	-3.2578166	-10.738755	-5.787425	1.8572037	-3.0844412	-9.073754	60.0	60.0	567999	-1.0676829	1.2553866	0.24573517	-17.046297	1.0160604	0.015848301	1875.651118516922
143	-7.325195	2.1562126	-3.2830703	-11.097522	-5.534397	2.0450027	-3.2950807	-9.454154	60.0	60.0	571999	-1.070295	1.2598839	1.1962357	-11.246649	1.0177029	0.015159128	1889.177762746811
144	-6.8471675	2.0187078	-3.606542	-10.424255	-6.237557	1.7990416	-3.2358494	-9.214001	60.0	60.0	575999	-1.0676173	1.2638099	1.0193415	-10.106058	1.0162412	0.014783357	1902.5428683757782
145	-6.8343635	2.0738647	-3.3661048	-11.565279	-4.1434813	2.238548	-1.3729105	-8.405644	60.0	60.0	579999	-1.0654243	1.2686493	0.27606654	-11.181316	1.0127121	0.014942286	1916.001357793808
146	-6.7364717	1.787456	-3.530726	-11.032634	-5.2816076	1.6464872	-2.3151715	-7.589427	60.0	60.0	583999	-1.0583913	1.2555531	0.61069155	-12.942083	1.006142	0.015073104	1929.1287877559662
147	-7.0802946	2.1696188	-3.5447822	-12.315506	-4.7342596	1.9146959	-2.4069767	-8.746123	60.0	60.0	587999	-1.0674895	1.2541821	0.08886838	-11.607278	1.0156426	0.014758538	1942.5454230308533
148	-7.0832114	2.0736215	-3.0201912	-11.24195	-6.0684648	1.7663517	-3.7531774	-8.358387	60.0	60.0	591999	-1.0749921	1.2440349	0.030467033	-13.023756	1.0233263	0.014128867	1955.737027645111
149	-7.2199492	1.9603559	-3.4782128	-11.270856	-5.103311	1.6950625	-2.6112623	-7.562309	60.0	60.0	595999	-1.068757	1.2520695	0.110485554	-10.121245	1.0162835	0.014339849	1969.1598944664001
150	-6.84725	1.8306267	-2.8940685	-10.728091	-5.60942	2.3277855	-1.9940861	-9.001843	60.0	60.0	599999	-1.049783	1.252491	0.0720458	-10.718608	0.997474	0.014141432	1982.9021544456482
151	-7.433822	1.9382397	-4.153869	-11.490162	-5.3468857	1.512164	-3.28782	-8.072292	60.0	60.0	603999	-1.0363972	1.2585769	0.71919155	-10.602724	0.98404	0.014219856	1996.3100092411041
152	-7.2946672	1.8067561	-3.9272375	-10.404894	-5.6836395	1.9556403	-3.0126376	-8.330647	60.0	60.0	607999	-1.0291378	1.2539907	0.48928452	-11.784761	0.9770451	0.014179871	2009.6621553897858
153	-7.471451	1.9275675	-3.9928703	-11.068133	-5.243427	1.8068764	-3.1238408	-9.171176	60.0	60.0	611999	-1.0164113	1.2634712	0.33125448	-9.985946	0.96261406	0.014170456	2022.997341632843
154	-7.2047305	1.9340358	-4.073556	-11.197906	-5.4097304	1.9524289	-2.7651415	-8.835048	60.0	60.0	615999	-0.99623424	1.2648981	0.21684408	-10.655281	0.9437433	0.012586801	2036.255333662033
155	-7.334744	1.8465596	-3.235547	-11.1131115	-4.7467265	1.4000238	-2.7960522	-6.9674945	60.0	60.0	619999	-1.0038391	1.2511331	0.12844348	-11.004156	0.9516752	0.01353609	2049.64764380455
156	-7.1219645	1.890869	-3.4369075	-10.682651	-4.8153987	1.705395	-2.3937457	-7.312698	60.0	60.0	623999	-1.0175855	1.2517871	0.4817617	-10.552803	0.9662696	0.013682459	2062.899210214615
157	-6.9195733	2.1757405	-3.1963859	-11.039145	-4.5856004	1.4348527	-1.9917984	-6.9153914	60.0	60.0	627999	-1.0293652	1.2548503	0.33090115	-11.836212	0.9783466	0.014180715	2076.416673898697
158	-7.235049	1.8355995	-3.431566	-10.69979	-4.61488	1.6332883	-1.6083384	-7.8982344	60.0	60.0	631999	-1.0434514	1.2519284	0.17084193	-10.765402	0.99295115	0.013666364	2089.730931997299
159	-7.127245	1.9647471	-4.0828404	-11.23386	-5.299119	1.4901328	-3.1015484	-8.831048	60.0	60.0	635999	-1.0411855	1.2466388	2.2423174	-11.42079	0.98996925	0.014353704	2103.348116874695
160	-6.852312	2.0808103	-3.1369603	-11.558102	-5.746194	2.3433242	-2.6936436	-10.162024	60.0	60.0	639999	-1.0333726	1.2555978	0.28916788	-13.30326	0.98192996	0.013583442	2117.202296257019
161	-6.943447	1.6189762	-3.7806563	-10.289276	-5.2389417	1.8633311	-3.0389338	-8.444025	60.0	60.0	643999	-1.0230658	1.25866	0.01765585	-12.287775	0.97127146	0.013896558	2130.4972734451294
162	-6.9843006	1.9731071	-3.53248	-11.32868	-5.3997927	1.9840533	-2.6678252	-8.86256	60.0	60.0	647999	-1.0069615	1.2652819	0.9704728	-18.908009	0.95474523	0.013866956	2143.8345720767975
163	-7.0662217	1.8952658	-3.359093	-11.680148	-5.3247213	1.7194009	-3.4494395	-9.10594	60.0	60.0	651999	-1.0014747	1.2499789	0.17451978	-10.160519	0.9504605	0.012956768	2156.9694032669067
164	-7.7055426	2.0417736	-3.5293136	-11.415946	-5.383164	1.6331663	-2.9957745	-8.27099	60.0	60.0	655999	-1.009159	1.2441984	0.3341937	-10.221612	0.9581207	0.013263663	2170.2484197616577
165	-6.930524	1.9609888	-3.6452966	-10.9513035	-5.963355	2.0559554	-2.9618723	-9.308391	60.0	60.0	659999	-0.9998834	1.2305967	0.7784488	-9.503102	0.94935083	0.012574822	2184.102944135666
166	-7.630953	1.8202479	-3.5257654	-10.996111	-5.210697	1.3070302	-3.8359637	-7.697886	60.0	60.0	663999	-1.0129186	1.2331371	2.1240041	-15.231391	0.96220535	0.012763456	2197.742168188095
167	-7.180397	1.9970196	-3.463415	-11.250272	-4.0878496	1.4718832	-1.8670311	-6.5099616	60.0	60.0	667999	-1.0288445	1.2355312	1.2340081	-16.063263	0.9795238	0.012947731	2211.13991856575
168	-7.4766626	1.7714683	-4.048769	-11.124655	-4.881131	1.4473844	-2.925196	-7.192307	60.0	60.0	671999	-1.0563794	1.2371361	0.50189805	-20.278133	1.0075552	0.014006621	2224.7714862823486
169	-7.2615895	2.2465284	-3.3467083	-12.635971	-6.1187463	1.9106826	-2.3913107	-9.082396	60.0	60.0	675999	-1.0505193	1.2448493	0.6901028	-17.22137	1.000314	0.013226602	2238.4695677757263
170	-6.919227	2.110048	-3.2950277	-11.61352	-5.3671427	2.1849923	-2.428683	-10.060221	60.0	60.0	679999	-1.0335864	1.2399813	2.2130015	-15.53159	0.9834631	0.013834868	2252.3123903274536
171	-7.2870216	2.0229912	-3.412158	-11.61573	-6.815924	1.539093	-3.9754534	-8.704299	60.0	60.0	683999	-1.0201192	1.2415357	0.11678028	-11.452583	0.9695997	0.01291221	2266.113970518112
172	-7.020612	1.799267	-3.8343139	-11.525318	-4.627028	1.8412484	-1.8176874	-9.113699	60.0	60.0	687999	-1.0076529	1.2383702	1.3215001	-12.847461	0.9567878	0.012800306	2279.9600608348846
173	-6.9585047	1.8431286	-3.1710083	-11.157426	-5.2685566	1.8439857	-1.7283604	-8.710603	60.0	60.0	691999	-1.0090346	1.2306039	0.08629894	-10.618549	0.9600178	0.012834274	2293.6159636974335
174	-7.2950854	2.0231488	-3.2776027	-12.606948	-5.828386	1.7642667	-3.8324792	-9.764575	60.0	60.0	695999	-1.0274345	1.2356535	0.053821087	-10.427759	0.9783174	0.012211492	2307.255739212036
175	-7.209979	2.0413287	-3.1578832	-13.327576	-6.0516515	2.0649512	-3.6245797	-9.9380455	60.0	60.0	699999	-1.0342313	1.2399969	0.15431523	-11.700369	0.98552674	0.012534105	2321.0566527843475
176	-7.145161	1.7117951	-3.6732314	-10.595037	-5.6364145	1.9472622	-1.8987124	-7.987441	60.0	60.0	703999	-1.0366955	1.2265874	0.18474078	-11.807442	0.98734194	0.012082052	2334.7496037483215
177	-7.174093	2.0339148	-3.2582996	-10.422816	-4.8732743	1.7571162	-1.9462028	-7.610337	60.0	60.0	707999	-1.0323896	1.2473507	3.0228112	-17.107294	0.9830638	0.012964008	2348.098897218704
178	-7.5506124	1.904275	-3.6454146	-11.414616	-5.27106	2.1624365	-2.411644	-8.6477995	60.0	60.0	711999	-1.0099506	1.2503712	0.07434583	-10.235609	0.95883477	0.012359292	2361.2720205783844
179	-7.120097	2.2040262	-3.2297695	-11.391218	-4.291619	1.8955225	-2.0982187	-7.7858806	60.0	60.0	715999	-0.98538554	1.2431197	0.22386432	-10.090063	0.93506986	0.013158671	2374.6254341602325
180	-7.0570965	1.9966508	-3.056054	-11.023862	-4.980985	1.9827992	-2.3815963	-9.053898	60.0	60.0	719999	-0.9794699	1.2480954	0.116606236	-12.352134	0.9281062	0.012022759	2388.2691321372986
181	-7.854149	1.9220673	-4.504174	-12.102844	-5.751028	1.9244643	-2.1777956	-9.319482	60.0	60.0	723999	-0.96898586	1.2383384	3.5978658	-12.17967	0.91888475	0.012304397	2401.465601205826
182	-7.588618	1.9958076	-3.9584925	-11.325814	-5.3116493	1.7120132	-3.4248788	-8.323371	60.0	60.0	727999	-0.97583413	1.2372702	0.8419094	-9.919372	0.92555153	0.0120454915	2414.6827507019043
183	-7.5048857	1.8804822	-3.6385386	-12.438853	-5.083865	2.1425614	-2.5928524	-9.959612	60.0	60.0	731999	-0.9744832	1.2331896	1.3688734	-9.866028	0.9246228	0.0117512895	2427.842183113098
184	-7.4345317	2.0662029	-3.295221	-11.316238	-5.865818	1.5250335	-3.8003328	-8.072477	60.0	60.0	735999	-0.9886363	1.2347547	1.4307044	-10.951337	0.9381885	0.012281294	2440.8955035209656
185	-7.7233415	1.9741652	-4.41204	-12.398728	-6.493525	1.4061762	-4.0566063	-8.732153	60.0	60.0	739999	-0.9689116	1.2363214	0.9092312	-11.632003	0.9179099	0.01201151	2454.0344302654266
186	-7.7003937	1.8941236	-3.616405	-10.828417	-5.5642633	2.1326034	-1.7037483	-8.668985	60.0	60.0	743999	-0.95278925	1.2346449	0.703012	-10.424309	0.90226156	0.011797199	2467.2077672481537
187	-7.3129144	2.1436987	-3.5057874	-12.052001	-6.7154875	2.301963	-3.2112873	-10.247923	60.0	60.0	747999	-0.97502023	1.2299125	0.9868691	-10.068797	0.9264575	0.011227464	2480.4622280597687
188	-7.1798215	2.1738575	-3.2488973	-10.997618	-4.7595835	1.6039495	-2.7967443	-7.658607	60.0	60.0	751999	-0.9957712	1.2257727	0.26933002	-9.979602	0.94723135	0.012559567	2493.6146252155304
189	-7.397511	2.0753715	-3.5732055	-11.771586	-6.625273	2.0368674	-3.000765	-9.451621	60.0	60.0	755999	-1.0151978	1.2165273	0.08297229	-9.423959	0.96749383	0.013265009	2506.789238214493
190	-7.2310896	1.9863145	-3.6472096	-11.786828	-5.575821	1.8185415	-1.7625749	-8.205159	60.0	60.0	759999	-1.0317713	1.2161125	-0.01666069	-12.101093	0.9832868	0.012827873	2520.3361785411835
191	-7.6310935	1.903621	-3.9400249	-11.048243	-5.861595	1.7273877	-2.9515955	-8.090735	60.0	60.0	763999	-1.0188041	1.2351254	0.021057606	-10.969117	0.96911895	0.012358962	2533.495186328888
192	-7.171691	1.794767	-3.3566525	-9.773194	-5.337251	2.0462537	-2.2181637	-8.031158	60.0	60.0	767999	-0.9907463	1.2288485	0.34415174	-10.205947	0.94170904	0.011752737	2546.761289358139
193	-7.4317884	1.6672205	-3.20326	-10.394369	-5.457747	1.8973995	-2.0108767	-8.229442	60.0	60.0	771999	-0.98378724	1.2262604	0.21712255	-10.32567	0.934053	0.012114243	2559.983407974243
194	-7.523902	2.1213644	-3.7841299	-11.907697	-5.490657	1.7485551	-2.3487918	-8.044473	60.0	60.0	775999	-0.9784776	1.227325	1.3402538	-12.001992	0.9288075	0.011102613	2573.2355422973633
195	-7.2657485	2.080053	-3.0855176	-10.622367	-4.7273893	2.3510365	-2.0905344	-8.657613	60.0	60.0	779999	-0.9636191	1.2213144	1.4383914	-9.903956	0.91303843	0.011243064	2586.3717379570007
196	-7.0760207	1.8732913	-3.387702	-10.772455	-5.827391	2.2862806	-3.177762	-10.300502	60.0	60.0	783999	-0.9560854	1.2179103	0.25407028	-16.316612	0.9064155	0.01116214	2599.542403459549
197	-7.6153536	1.9816937	-3.7389684	-11.976701	-5.0574174	2.533384	-1.9535692	-9.434639	60.0	60.0	787999	-0.95646626	1.2206985	0.18282509	-12.98499	0.9070555	0.01206817	2612.73863363266
198	-7.0122414	1.6855744	-4.0473304	-10.847235	-4.5683475	1.7354254	-2.1064186	-7.2911644	60.0	60.0	791999	-0.96099234	1.2228029	0.18176484	-10.578073	0.911697	0.011188068	2625.8204028606415
199	-7.208967	1.866595	-3.6290772	-11.270544	-4.9200635	1.7733651	-2.707607	-8.164646	60.0	60.0	795999	-0.95837635	1.2158883	0.2199986	-10.25865	0.9094501	0.011433392	2639.017992734909
200	-6.8603377	1.9902974	-3.8529801	-11.08946	-5.3592467	1.4339743	-2.9728496	-8.260399	60.0	60.0	799999	-0.9682509	1.2225235	0.26112413	-10.633778	0.9191283	0.011107816	2652.5757179260254
201	-6.994798	1.8687614	-3.776376	-10.395934	-4.412383	2.0084443	-2.002023	-8.236462	60.0	60.0	803999	-0.94975364	1.2299224	0.29239774	-13.883795	0.89979774	0.010857544	2665.8939020633698
202	-7.0854278	1.9785722	-3.3708444	-11.061847	-5.87716	2.1343944	-2.5397382	-9.801354	60.0	60.0	807999	-0.9365262	1.2202146	0.21251345	-14.377841	0.8863057	0.011152919	2679.125023126602
203	-6.8716636	1.7445639	-3.2355435	-10.251196	-5.6506677	2.2890444	-2.7807298	-8.432433	60.0	60.0	811999	-0.9404012	1.2244458	0.20303583	-11.108651	0.8908051	0.010185286	2692.5828330516815
