Epoch	AverageEpRet	StdEpRet	MaxEpRet	MinEpRet	AverageTestEpRet	StdTestEpRet	MaxTestEpRet	MinTestEpRet	EpLen	TestEpLen	TotalEnvInteracts	AverageQVals	StdQVals	MaxQVals	MinQVals	LossPi	LossQ	Time
1	-27.264574	4.908803	-15.693049	-36.28928	-16.731472	3.9624593	-10.753694	-23.301716	60.0	60.0	3999	-1.7818717	1.1494439	1.2133723	-6.941217	1.5635413	0.019626226	4.357410907745361
2	-28.65525	5.394245	-17.890078	-39.66646	-10.883188	4.896382	-6.088333	-24.448858	60.0	60.0	7999	-2.8919685	1.7350227	1.7319233	-9.064332	2.514315	0.04407939	9.884955644607544
3	-20.73046	9.546116	-5.8482485	-37.25404	-10.286623	3.7672348	-4.1545773	-15.962683	60.0	60.0	11999	-2.5399113	1.9191334	3.1279283	-8.834745	2.1472201	0.04892279	15.63456392288208
4	-12.775859	4.320395	-5.3309035	-24.858286	-9.977138	4.3542867	-3.7067513	-18.40246	60.0	60.0	15999	-2.1606572	1.9707862	3.6856565	-9.1349945	1.8599126	0.038029887	21.669597864151
5	-12.719534	4.9560432	-6.038444	-25.927069	-8.44071	3.4996107	-3.0160136	-15.491817	60.0	60.0	19999	-2.1415746	1.8494872	2.7900593	-9.782576	1.890284	0.039038856	27.81481170654297
6	-11.647931	5.5070047	-4.451379	-29.59319	-9.532601	3.668625	-4.3723307	-16.4182	60.0	60.0	23999	-2.2225966	1.8924739	1.6121992	-10.26628	1.9993252	0.04407782	35.32135081291199
7	-9.575702	2.9823842	-4.124364	-17.676329	-10.432257	4.3196845	-2.793484	-18.730001	60.0	60.0	27999	-2.1462371	1.8153372	1.3368187	-10.125665	1.9400866	0.04180906	43.31777834892273
8	-10.225714	4.1757903	-4.915523	-25.021894	-10.284448	4.672131	-3.4073086	-19.10082	60.0	60.0	31999	-2.079902	1.734251	1.586622	-9.637317	1.8927739	0.04061859	51.22824215888977
9	-9.852402	3.7844298	-4.80623	-21.59246	-7.3941126	3.0390284	-3.5505695	-15.01922	60.0	60.0	35999	-2.102225	1.6981254	1.3818481	-9.937059	1.9360335	0.04041363	59.18965530395508
10	-10.371353	3.476891	-5.355229	-21.682985	-8.919455	3.943265	-5.480609	-19.24309	60.0	60.0	39999	-2.141229	1.6842437	0.5361706	-9.741908	1.9851489	0.040220253	67.47729563713074
11	-9.235085	4.2983356	-4.0581903	-30.606213	-8.116637	3.1808476	-4.220222	-14.148965	60.0	60.0	43999	-2.068157	1.6831273	1.884649	-9.667099	1.913643	0.0380344	78.10771560668945
12	-11.024765	5.2314835	-4.73329	-27.769814	-9.619854	5.3382297	-4.7671137	-19.734253	60.0	60.0	47999	-1.9468896	1.6712698	3.881405	-9.808813	1.8000815	0.03793444	89.04026794433594
13	-11.2216835	5.5011783	-3.2813518	-27.61931	-8.134997	1.7817496	-5.3961363	-11.405881	60.0	60.0	51999	-1.8667111	1.6408504	2.839196	-9.656325	1.723268	0.038955793	102.46500658988953
14	-9.220593	4.924885	-4.335945	-32.72649	-10.512581	7.557411	-5.4687576	-31.384401	60.0	60.0	55999	-1.9243705	1.637209	1.4631028	-9.741178	1.7903692	0.039989263	117.34370827674866
15	-11.147982	7.5224466	-4.2661285	-35.964798	-5.8436875	2.2418478	-3.155955	-8.988418	60.0	60.0	59999	-1.9765402	1.6591526	2.24655	-9.964223	1.8503034	0.040695064	132.1029975414276
16	-8.251736	4.799065	-3.6046493	-36.564358	-7.723943	3.7523606	-3.4513047	-16.218122	60.0	60.0	63999	-1.9283192	1.7026174	8.330431	-10.144091	1.7983029	0.045088165	147.04112339019775
17	-8.962708	3.7739322	-3.540542	-24.774137	-6.9575677	3.0065074	-2.7579632	-12.55875	60.0	60.0	67999	-1.8272	1.6278908	1.3933468	-10.15595	1.7020317	0.038630374	161.885644197464
18	-8.295873	2.4681966	-4.0906277	-14.660248	-8.490236	3.5852947	-4.9150214	-17.498093	60.0	60.0	71999	-1.8098408	1.6512792	3.5375898	-10.000317	1.6910865	0.038567033	176.72954058647156
19	-8.59888	3.5638099	-4.3359613	-23.600145	-7.2812095	3.1879811	-1.8133519	-13.410375	60.0	60.0	75999	-1.791575	1.6381493	4.8302345	-10.761333	1.6752429	0.039605975	191.53819870948792
20	-8.818849	3.2249749	-3.8871284	-23.16147	-9.361062	7.977158	-2.8210187	-28.799726	60.0	60.0	79999	-1.7187706	1.6198925	2.3206778	-9.816622	1.6007639	0.038345896	206.46921062469482
21	-10.549841	5.1875935	-4.2787633	-25.104517	-6.819777	3.117594	-3.0805142	-14.386415	60.0	60.0	83999	-1.5621464	1.6091341	2.0162256	-9.700879	1.441406	0.037839644	221.28449630737305
22	-8.365573	2.2592747	-4.126492	-14.956258	-6.3094625	3.5777128	-3.0812173	-16.262936	60.0	60.0	87999	-1.6674236	1.6273901	1.3042426	-10.639521	1.5617253	0.03667872	236.00838589668274
23	-8.087662	2.6926951	-3.9219754	-17.307766	-6.099841	2.7651327	-2.5848804	-9.827081	60.0	60.0	91999	-1.6948829	1.6334596	1.1030495	-9.513396	1.589354	0.036299203	250.91588258743286
24	-7.833661	2.1763446	-3.935478	-14.067412	-5.476563	1.6730419	-3.3672931	-8.6703205	60.0	60.0	95999	-1.6794643	1.6047877	1.4208	-10.63428	1.5779366	0.034104057	265.8414378166199
25	-7.645217	2.217923	-3.635269	-11.841667	-6.0402036	1.4180158	-3.4756963	-8.580575	60.0	60.0	99999	-1.6682749	1.5603331	0.9504171	-10.760492	1.5697646	0.033310603	280.5896694660187
26	-8.081844	2.1033254	-3.295884	-12.424057	-6.2601757	1.838919	-3.765891	-8.727062	60.0	60.0	103999	-1.6791781	1.557897	2.2601197	-11.382512	1.5844427	0.03249746	294.9586226940155
27	-7.283066	1.9913504	-3.5742972	-12.362706	-5.547696	2.2572622	-2.884043	-9.659751	60.0	60.0	107999	-1.6591275	1.5498794	1.6786884	-9.863809	1.5657141	0.032245453	309.22965455055237
28	-8.525093	4.366306	-3.2282372	-25.34826	-5.8144445	3.6519516	-1.5429645	-13.46639	60.0	60.0	111999	-1.6120704	1.5245342	4.7797546	-10.048403	1.5173521	0.03125562	323.59910106658936
29	-7.825917	2.310706	-3.396994	-13.033899	-7.6867166	1.8883531	-4.65661	-10.365416	60.0	60.0	115999	-1.5865802	1.542875	5.67638	-10.79377	1.495487	0.031821307	337.9731025695801
30	-9.257131	5.382456	-3.8311803	-29.348783	-6.6481485	2.5653012	-3.8978157	-11.023412	60.0	60.0	119999	-1.5710793	1.4683576	2.053238	-10.072505	1.4800043	0.03300003	352.51539063453674
31	-8.573724	4.035308	-3.1905563	-24.584927	-6.038097	2.5039573	-3.156636	-11.593371	60.0	60.0	123999	-1.5886146	1.4967548	0.72817534	-11.692213	1.4998794	0.03155087	366.87089490890503
32	-7.5528264	1.9359046	-3.3459032	-12.373741	-4.898387	1.5576952	-2.4223835	-8.393921	60.0	60.0	127999	-1.5819434	1.5478593	0.5534266	-11.740295	1.4951268	0.031208271	381.22967648506165
33	-7.2803345	2.254525	-4.2099543	-13.027709	-5.9126787	2.0761068	-2.854489	-8.989415	60.0	60.0	131999	-1.567684	1.5172061	1.5100133	-10.248327	1.4845562	0.029888932	395.6038556098938
34	-7.6781974	2.3594122	-3.427342	-14.902652	-4.870925	2.0079398	-2.4126902	-9.624638	60.0	60.0	135999	-1.5587047	1.5183831	2.6725118	-11.1399765	1.4727529	0.027337246	409.9242904186249
35	-8.024974	3.5078735	-3.939238	-30.451897	-6.78489	2.1023228	-3.970944	-10.553911	60.0	60.0	139999	-1.523412	1.4955102	2.0895696	-10.586905	1.440541	0.027742496	424.3725788593292
36	-7.3964233	2.4920242	-3.331769	-14.5836315	-5.287239	1.4600915	-1.9894567	-7.0745897	60.0	60.0	143999	-1.5154837	1.4957684	0.78117096	-11.46821	1.4334202	0.026517557	438.71558833122253
37	-7.2985396	2.0803561	-3.434176	-11.197175	-5.971334	1.8336526	-2.8354683	-8.431296	60.0	60.0	147999	-1.4974753	1.4957807	2.868165	-10.749766	1.4168482	0.026949292	453.1713180541992
38	-7.5730405	1.9640408	-3.7944252	-14.492343	-6.59727	5.6309853	-2.5316749	-22.652779	60.0	60.0	151999	-1.4872789	1.4821632	3.4108043	-10.615034	1.409169	0.026640736	467.37609028816223
39	-7.3318176	2.3778605	-3.8022552	-18.976274	-6.4785132	3.7945578	-3.4311602	-17.003588	60.0	60.0	155999	-1.4845862	1.4714184	1.3222058	-9.983738	1.405875	0.026636394	481.8109278678894
40	-7.3920894	2.5089257	-3.391576	-19.464394	-6.162201	2.4330978	-1.8010017	-9.762964	60.0	60.0	159999	-1.4501213	1.4535999	0.98317325	-9.829997	1.3728472	0.024853233	496.1331534385681
41	-7.0666795	1.9788345	-3.2514584	-11.029241	-6.1527524	1.7439275	-2.7451384	-8.238613	60.0	60.0	163999	-1.4365143	1.4666184	0.8290918	-9.376402	1.3599458	0.024315251	510.6125946044922
42	-7.0944147	1.9957209	-3.751539	-10.991901	-4.7857	1.5638001	-2.1743407	-7.587291	60.0	60.0	167999	-1.4248388	1.465253	1.3846196	-10.278576	1.3498603	0.023018323	524.8779182434082
43	-6.852297	1.9373094	-3.4229052	-10.862992	-5.0641446	1.6263404	-2.896556	-7.506344	60.0	60.0	171999	-1.3950099	1.4451182	1.190823	-9.732406	1.320056	0.022563946	539.371591091156
44	-7.4256706	2.0237799	-3.7338703	-11.686998	-5.4279594	2.1796076	-2.6809068	-8.829667	60.0	60.0	175999	-1.3717084	1.4320754	1.727939	-9.294562	1.2968882	0.02163458	553.617778301239
45	-7.5378714	2.2242095	-3.5997598	-13.46065	-4.4702	1.9346192	-2.045552	-8.071443	60.0	60.0	179999	-1.345329	1.419502	1.0500556	-9.341333	1.2721106	0.021037515	568.0121068954468
46	-7.0819173	2.0066755	-3.8146133	-11.710694	-5.1757283	1.7333297	-2.5319464	-8.887828	60.0	60.0	183999	-1.3435489	1.4187776	0.7389598	-9.648877	1.2713386	0.021514373	582.2541987895966
47	-7.097233	1.9343692	-4.285015	-13.241608	-7.0003138	1.7640295	-2.963874	-9.211914	60.0	60.0	187999	-1.3299234	1.414789	1.1917086	-9.265237	1.2588303	0.020867381	596.5961425304413
48	-7.3639584	2.2467449	-2.9863534	-12.244654	-6.840753	2.422815	-2.1322768	-9.210072	60.0	60.0	191999	-1.3277603	1.3985667	1.5577586	-10.21591	1.2582151	0.020253394	610.9465663433075
49	-7.192927	2.1312144	-3.0359874	-11.387369	-5.81358	1.3858237	-4.167805	-9.084375	60.0	60.0	195999	-1.352993	1.4168774	1.298876	-9.5120945	1.2842778	0.02066697	625.178060054779
50	-7.6314626	3.0703504	-3.6338482	-26.47944	-6.239826	3.3277912	-2.5589304	-12.865334	60.0	60.0	199999	-1.3359089	1.4062363	1.5480405	-9.43375	1.2666355	0.02123845	639.8025596141815
51	-7.052082	1.6747715	-3.712913	-10.922168	-5.7236195	1.9731084	-2.065562	-8.58826	60.0	60.0	203999	-1.298996	1.4087024	5.5844336	-9.7532625	1.2293673	0.020825204	653.9657320976257
52	-7.235317	2.0152636	-3.7378106	-11.4819975	-5.2151327	1.7445135	-2.3581474	-8.574769	60.0	60.0	207999	-1.2813435	1.3928342	2.4769385	-9.783869	1.2127746	0.020510748	668.4420557022095
53	-8.380341	5.298643	-4.1526237	-38.264523	-7.376648	6.753404	-3.396429	-27.264317	60.0	60.0	211999	-1.27635	1.4041787	0.67177904	-9.851379	1.206261	0.02016354	682.852961063385
54	-6.9820595	1.7105479	-3.483752	-10.78455	-6.8833976	1.6425018	-4.4211755	-9.355371	60.0	60.0	215999	-1.2643086	1.4170794	0.6732795	-10.146119	1.196358	0.019900363	697.1106252670288
55	-7.1202765	1.9859538	-3.6667428	-11.02214	-5.5351925	2.233249	-1.6431857	-8.426167	60.0	60.0	219999	-1.2558019	1.4087821	1.0479192	-9.921858	1.1893996	0.019124374	711.624906539917
56	-7.28756	1.7881107	-3.8944025	-10.503519	-6.5129175	1.888044	-2.7381978	-9.059194	60.0	60.0	223999	-1.2525532	1.4088432	1.0885521	-9.612385	1.1861241	0.019302685	726.0388996601105
57	-7.12582	1.9708601	-3.6101875	-11.545739	-4.3825645	1.2421763	-2.2539537	-6.4605193	60.0	60.0	227999	-1.2390231	1.4028997	2.6595433	-9.903179	1.1727972	0.019459615	740.3496255874634
58	-7.103752	1.9040018	-3.8723145	-11.366478	-4.34626	1.6000854	-2.4152	-7.667037	60.0	60.0	231999	-1.2179501	1.3923333	2.6639676	-10.134375	1.1516072	0.018005716	754.7542779445648
59	-6.9680843	2.4133098	-3.0252447	-16.457853	-4.7789154	1.4388735	-2.492599	-7.846992	60.0	60.0	235999	-1.2160254	1.3808005	1.336584	-9.518218	1.1507955	0.018026203	769.1891620159149
60	-7.3218565	2.6685305	-3.4171393	-21.458433	-7.0427656	4.4533	-3.8110476	-19.900444	60.0	60.0	239999	-1.2063711	1.3908484	1.2862523	-9.476388	1.140444	0.018382492	783.7446315288544
61	-7.9883165	3.6702452	-3.7931354	-24.05874	-6.84074	2.6261563	-2.1179569	-11.2603655	60.0	60.0	243999	-1.1677436	1.3903342	0.68319345	-9.813468	1.1019789	0.016823996	798.2180800437927
62	-7.0057592	2.0104845	-3.0918777	-10.932315	-5.895581	2.1127336	-2.1004102	-8.707439	60.0	60.0	247999	-1.1537023	1.3895096	1.350369	-10.824734	1.0880284	0.016822798	812.688809633255
63	-6.890902	1.9801228	-3.3801157	-12.16769	-4.7840242	1.673538	-1.7455283	-7.8214436	60.0	60.0	251999	-1.1503626	1.3920592	2.070012	-9.8626375	1.0860393	0.017662989	826.8739886283875
64	-6.6928415	1.9189006	-3.0895922	-10.381771	-5.778062	1.6608498	-2.4242158	-9.10143	60.0	60.0	255999	-1.1477253	1.3732504	1.5037214	-10.025979	1.0837207	0.016788721	841.3197124004364
65	-7.2969346	2.4210205	-3.329425	-11.718176	-7.0998983	1.7926214	-3.6679409	-9.174691	60.0	60.0	259999	-1.1617606	1.36675	2.683032	-9.513976	1.0996662	0.017030686	855.8008370399475
66	-8.005002	2.3162751	-3.7999744	-17.81718	-5.199161	2.3784404	-1.5512503	-9.720128	60.0	60.0	263999	-1.1748397	1.364356	1.6942554	-10.0455	1.1128682	0.016815268	870.0410077571869
67	-7.6277695	2.059989	-3.351598	-14.041028	-4.365025	1.7272301	-2.6255987	-9.18872	60.0	60.0	267999	-1.1539214	1.3980668	1.95828	-10.702286	1.0888637	0.01779293	884.4089930057526
68	-7.4324694	2.0180888	-3.8075132	-11.666062	-4.771795	1.3801943	-2.5758467	-7.2450128	60.0	60.0	271999	-1.1290843	1.3795004	2.6713324	-10.509036	1.0665107	0.01843142	898.9227149486542
69	-7.541994	1.783858	-4.3240256	-12.54	-6.2127657	1.6744151	-2.6268494	-8.5924225	60.0	60.0	275999	-1.1489897	1.3761761	1.2826271	-9.62592	1.0867547	0.017034654	913.1609919071198
70	-7.2878013	1.8305163	-3.7089038	-11.052242	-6.24676	1.651075	-3.1489515	-9.257392	60.0	60.0	279999	-1.1512202	1.3617868	1.5703921	-9.516306	1.0903057	0.016288256	927.7667765617371
71	-6.7635465	1.8734211	-3.6003196	-10.487951	-5.5654554	2.4741142	-1.8697641	-8.7858095	60.0	60.0	283999	-1.173311	1.3520347	1.9393513	-10.258058	1.112888	0.016935788	942.3275401592255
72	-6.758395	1.8598313	-3.589045	-10.4790325	-5.0588765	2.1550252	-2.4511664	-8.160499	60.0	60.0	287999	-1.1820058	1.361452	1.5437154	-9.921951	1.1222634	0.015856477	956.7894372940063
73	-8.030123	4.1607246	-3.441226	-27.221657	-5.136809	3.223601	-1.6376997	-13.405394	60.0	60.0	291999	-1.1018825	1.4778923	8.79255	-9.764339	1.0226126	0.02179454	971.0780799388885
74	-8.046303	2.732908	-4.238648	-19.36797	-7.773755	3.5414028	-2.2412407	-13.080052	60.0	60.0	295999	-0.49273664	2.3148286	9.353601	-9.501848	0.38473713	0.07860846	985.4806559085846
75	-8.086142	2.7434134	-3.0823295	-15.730503	-6.7683535	1.7669141	-4.9138403	-10.764215	60.0	60.0	299999	-0.2989772	2.2694604	7.522591	-9.210441	0.2085903	0.072392486	1000.0017194747925
76	-8.351194	2.8582575	-3.7390304	-16.680613	-4.761277	1.5782908	-2.6176894	-8.192125	60.0	60.0	303999	-0.3489768	2.034095	5.9706187	-9.300048	0.27200052	0.053805742	1014.425420999527
77	-6.9887695	2.0533664	-3.5561411	-11.68428	-4.0734053	2.0382726	-1.5554178	-8.172518	60.0	60.0	307999	-0.57668144	1.7313671	5.6852875	-10.787017	0.510393	0.031623334	1028.7368352413177
78	-7.530719	1.9487083	-3.6030948	-11.66668	-7.181791	2.1173844	-3.136305	-9.757072	60.0	60.0	311999	-0.8258181	1.460082	4.11507	-10.715813	0.76400584	0.01946704	1043.2875247001648
79	-7.2356434	1.9841222	-3.9295182	-11.863635	-4.8186994	1.9235799	-1.7583878	-7.8082204	60.0	60.0	315999	-0.9696018	1.3636447	2.79228	-10.276231	0.90904546	0.01748484	1057.7271168231964
80	-7.167861	1.9163532	-3.959087	-10.861876	-6.2979784	1.5364109	-2.9565141	-8.273045	60.0	60.0	319999	-1.0450156	1.334103	1.4078759	-10.22371	0.98625743	0.016819004	1072.3286397457123
81	-7.446121	2.0531895	-3.9773667	-11.594467	-5.1721125	2.4537668	-1.9766895	-8.9477625	60.0	60.0	323999	-1.1090922	1.3416582	0.9339011	-10.49835	1.051108	0.01659552	1086.7305464744568
82	-6.794483	1.7711223	-3.4224913	-11.016707	-5.563782	2.1833506	-2.65623	-9.000615	60.0	60.0	327999	-1.1250647	1.3362718	1.0441664	-11.471234	1.0671893	0.016960602	1101.227571964264
83	-7.2345695	2.4089723	-3.7506287	-16.79234	-5.978982	1.7378254	-2.6369476	-9.069349	60.0	60.0	331999	-1.1100942	1.3573399	7.9721365	-10.168614	1.0462141	0.01872795	1115.774405002594
84	-9.541318	4.5637283	-3.4255352	-26.734041	-9.243601	4.589883	-3.1124053	-17.720009	60.0	60.0	335999	-0.61594546	2.2672443	11.465424	-10.797598	0.4934972	0.07527902	1129.9450449943542
85	-10.020357	4.122754	-4.292121	-24.853	-6.6441116	3.444717	-2.3334162	-13.575734	60.0	60.0	339999	0.16361694	3.0157511	12.833318	-10.129322	-0.28512082	0.14018534	1144.282080411911
86	-10.3369665	4.1431723	-3.948106	-23.08641	-7.2375326	2.3072345	-3.3198876	-12.014467	60.0	60.0	343999	0.30357236	2.4528756	9.750101	-9.794359	-0.42681834	0.08608289	1158.8095653057098
87	-9.804346	3.2723978	-3.599108	-18.647083	-9.9713335	2.3852406	-4.9902115	-12.803727	60.0	60.0	347999	0.23855111	2.042336	5.839174	-9.758923	-0.34719995	0.06814061	1173.3079953193665
88	-9.2365465	2.3244333	-4.900657	-15.158565	-5.498243	2.01568	-2.4028504	-8.145287	60.0	60.0	351999	0.038411517	1.891233	5.4064517	-9.690084	-0.12532288	0.056279548	1187.610394001007
89	-8.646559	2.2668893	-3.8444586	-14.502362	-6.8517165	1.890556	-4.115709	-9.504377	60.0	60.0	355999	-0.34530482	1.6483535	4.2041445	-10.603711	0.27537504	0.031822927	1202.0380368232727
90	-8.160471	2.0346973	-4.9161744	-13.976162	-5.815864	1.4237357	-3.2121549	-8.211589	60.0	60.0	359999	-0.6845346	1.4217582	5.8154087	-12.391933	0.6208678	0.021865124	1216.6963489055634
91	-7.27812	2.767275	-3.1304958	-14.009097	-7.751233	2.7023962	-4.7107687	-15.115926	60.0	60.0	363999	-0.8596274	1.3237652	5.6318173	-9.962839	0.79760474	0.016954618	1231.1398763656616
92	-7.178678	2.0351088	-3.4640863	-11.930001	-6.34488	1.8966569	-3.5727077	-9.720451	60.0	60.0	367999	-0.99294406	1.32129	0.6691383	-9.983342	0.933652	0.016178193	1245.680367231369
93	-7.4336505	2.146324	-3.2133694	-12.7479105	-6.007628	2.1946018	-2.316078	-8.874088	60.0	60.0	371999	-1.0518243	1.3223624	3.294664	-10.020219	0.9932458	0.01746006	1260.0598282814026
94	-7.587202	2.1304946	-2.8100185	-13.383765	-7.3932676	3.0123367	-1.6944605	-11.852393	60.0	60.0	375999	-1.0776758	1.3113956	2.180787	-11.434393	1.0184999	0.017134149	1274.4884967803955
95	-7.427153	2.1948588	-4.2036147	-14.785021	-5.7518983	1.0406859	-4.136036	-7.0337777	60.0	60.0	379999	-1.0620764	1.3292853	1.1588864	-10.729664	1.0009035	0.017994808	1288.9958028793335
96	-6.8569493	2.0137773	-2.9118648	-10.960156	-5.461272	1.3033304	-2.6720061	-7.4364004	60.0	60.0	383999	-1.0560099	1.3080796	0.9115256	-10.068643	0.9972385	0.016731495	1303.5602271556854
97	-7.0325146	2.0002995	-3.6213098	-11.123286	-4.8896265	1.1922714	-3.410005	-6.8196926	60.0	60.0	387999	-1.0917063	1.3091065	0.41202843	-11.325264	1.0349134	0.016679097	1318.3324372768402
98	-7.3923798	1.8594842	-3.9858015	-12.164221	-6.2100763	1.3641484	-4.421261	-8.946186	60.0	60.0	391999	-1.1126672	1.3024772	0.68406403	-11.215886	1.056452	0.017185327	1331.6326706409454
99	-7.1824813	2.0112517	-3.294636	-11.128183	-5.5738134	1.9035484	-2.0404801	-8.600688	60.0	60.0	395999	-1.1316012	1.3116784	0.16327274	-13.147827	1.0758266	0.017316421	1345.063234090805
100	-6.999109	1.7698481	-3.278093	-10.36723	-5.2667985	2.053725	-2.3392887	-8.50487	60.0	60.0	399999	-1.1287391	1.3121841	1.028207	-10.35751	1.0725098	0.016718196	1358.6816937923431
101	-7.072865	2.222609	-2.9205098	-11.524155	-5.6184883	1.497395	-3.4115973	-7.752843	60.0	60.0	403999	-1.1257858	1.3056787	2.499255	-11.263172	1.0708385	0.015961744	1371.9422645568848
102	-7.086801	1.9082766	-3.0194883	-11.173856	-6.276397	1.0683911	-4.8685813	-8.648737	60.0	60.0	407999	-1.1230295	1.3072848	0.11648762	-11.680588	1.0675417	0.015460666	1385.2646126747131
103	-7.589865	1.9762084	-3.2061648	-11.190759	-5.1394362	1.816617	-2.9339771	-8.562791	60.0	60.0	411999	-1.1124295	1.3223964	1.2265042	-10.672058	1.0564302	0.0151235545	1398.6411550045013
104	-7.133733	1.9148582	-3.5433466	-11.185551	-5.815219	2.6753511	-1.999287	-8.811685	60.0	60.0	415999	-1.0941077	1.3043146	1.1929955	-10.063432	1.0388354	0.014745731	1412.0593376159668
105	-7.6164308	2.2365215	-3.768606	-15.502684	-6.72353	1.631292	-4.1646256	-9.041532	60.0	60.0	419999	-1.0650206	1.328403	2.0083854	-11.060848	1.0057646	0.016014103	1425.4544246196747
106	-7.606495	2.166576	-3.6294198	-12.783761	-6.1835933	2.284053	-2.5641258	-9.413854	60.0	60.0	423999	-1.0095987	1.3226637	1.200985	-11.041849	0.95238185	0.01615459	1438.8068053722382
107	-7.004266	2.0225503	-3.6978817	-11.434247	-4.7928095	1.6362073	-2.402877	-7.2581763	60.0	60.0	427999	-1.0253165	1.3059105	0.7818723	-10.257972	0.969155	0.01402189	1452.0694122314453
108	-7.514644	1.9249218	-3.4389725	-11.199764	-6.4752455	1.8557769	-4.744665	-10.175604	60.0	60.0	431999	-1.0526173	1.298766	0.39154005	-10.88685	0.99722713	0.014126575	1465.3859055042267
109	-7.2074704	2.0313904	-3.4309716	-11.172505	-6.2679763	1.7821285	-3.9269514	-9.121707	60.0	60.0	435999	-1.0698527	1.2996649	0.37886882	-10.428305	1.0152967	0.014861572	1478.692355632782
110	-7.2203794	1.9490297	-3.2950072	-10.923133	-5.2963867	1.5612885	-1.6810304	-6.954895	60.0	60.0	439999	-1.0796049	1.303857	0.11717224	-13.468149	1.024771	0.013166722	1492.2663838863373
111	-7.0741453	1.8856698	-3.67588	-12.192256	-5.920212	1.8779763	-2.4994543	-8.090483	60.0	60.0	443999	-1.0825666	1.307044	0.9227183	-10.751547	1.0279993	0.014440625	1505.6789972782135
112	-7.2653832	1.850275	-4.1130333	-11.595333	-5.6569586	2.0095978	-2.2908936	-8.008641	60.0	60.0	447999	-1.0799742	1.2882845	0.13187575	-10.699712	1.0262735	0.013672215	1519.0416383743286
113	-7.1933684	2.003602	-3.6224787	-11.090437	-5.307524	2.4875216	-1.9582324	-8.872091	60.0	60.0	451999	-1.0982857	1.2902116	0.22086978	-10.313393	1.0453062	0.01508057	1532.4081683158875
114	-6.8742037	1.94147	-3.1978102	-11.39953	-4.743308	1.4559635	-2.9357378	-7.999799	60.0	60.0	455999	-1.1033806	1.3012273	0.25765467	-11.284334	1.0496428	0.013339163	1545.7672069072723
115	-7.0091877	1.9744622	-3.8674774	-11.066014	-5.4495764	2.0685081	-1.7939641	-8.958074	60.0	60.0	459999	-1.0808859	1.2869608	1.0873876	-11.168985	1.027239	0.014791708	1559.0731287002563
116	-6.8659816	1.9160279	-3.4341683	-10.938096	-4.9337773	2.2233644	-2.6370437	-9.2936945	60.0	60.0	463999	-1.078647	1.2862147	2.323284	-9.8754225	1.0249971	0.013748154	1572.481154203415
117	-7.121916	1.7733605	-3.0067117	-10.889594	-6.1489587	1.4593493	-4.1784716	-8.449171	60.0	60.0	467999	-1.0615355	1.2863532	4.851749	-9.648038	1.0062326	0.014128343	1585.7519781589508
118	-8.684855	4.04615	-3.2959127	-23.471045	-6.23646	2.2191987	-2.6486928	-10.477018	60.0	60.0	471999	-0.45509875	2.4620657	11.577374	-12.4695	0.32340893	0.084166594	1599.1547074317932
119	-8.6973715	3.0758564	-3.9868412	-15.800105	-6.86364	1.8493153	-3.742916	-9.4927845	60.0	60.0	475999	0.24465947	3.0773876	12.180208	-11.545722	-0.3624251	0.13519327	1612.5410869121552
120	-8.196286	2.943296	-3.657008	-19.26141	-6.010233	1.5464988	-3.4235973	-8.721643	60.0	60.0	479999	0.34318224	2.7721555	9.492302	-11.101711	-0.43774432	0.116542675	1626.1428413391113
121	-8.306269	2.773326	-3.9454672	-15.709791	-6.7917795	2.0917645	-3.0047288	-8.795618	60.0	60.0	483999	-0.014568289	2.1499293	6.7499437	-10.071731	-0.05400804	0.06507274	1639.4512329101562
122	-7.8044143	2.3253386	-3.7139192	-13.124278	-4.4911637	1.920683	-2.541503	-8.822669	60.0	60.0	487999	-0.34981918	1.7333007	5.440879	-10.199469	0.28705305	0.034426674	1652.900480747223
123	-7.8209248	2.1704872	-4.064172	-13.442425	-4.4621224	1.7250586	-2.3285832	-8.028983	60.0	60.0	491999	-0.611976	1.4573414	3.72545	-9.425816	0.55261767	0.020543441	1666.3393087387085
124	-7.115367	2.3901474	-3.6660295	-13.92108	-6.2884855	1.5435432	-3.5355847	-8.340053	60.0	60.0	495999	-0.7875223	1.3327657	1.917213	-10.025297	0.7306253	0.015662206	1679.7075908184052
125	-7.681718	1.9080635	-3.9755018	-11.473422	-5.20255	1.5248971	-2.5336416	-7.1716614	60.0	60.0	499999	-0.9217651	1.2693208	0.8738005	-10.056048	0.8686939	0.013914719	1693.218549489975
126	-7.2467566	1.8605528	-3.819675	-11.42624	-5.227704	1.47044	-2.1932867	-6.959346	60.0	60.0	503999	-1.0176882	1.2646736	0.23432016	-10.601365	0.96556497	0.0153946625	1707.0581634044647
127	-7.1059036	1.7132418	-3.602233	-10.719055	-6.463492	1.806424	-2.7756598	-8.195701	60.0	60.0	507999	-1.069127	1.2765778	0.058276415	-13.079721	1.0167716	0.014817622	1720.7748234272003
128	-7.086574	2.022984	-3.492724	-11.120612	-5.980004	1.64503	-2.033549	-8.332755	60.0	60.0	511999	-1.0796974	1.2871208	0.2489295	-9.812381	1.0272452	0.014442845	1734.4824721813202
129	-7.3541374	1.8734095	-3.4173663	-10.9333515	-6.1156316	2.1070583	-2.7816095	-9.734204	60.0	60.0	515999	-1.0706452	1.2862499	0.15037608	-12.330763	1.0172904	0.01441402	1748.177476644516
130	-7.264332	1.8567455	-4.0538445	-11.343183	-5.1175146	2.1576438	-1.6749669	-8.393812	60.0	60.0	519999	-1.0578989	1.2921284	0.16776729	-13.4688225	1.0045702	0.014056938	1762.5220470428467
131	-7.266871	1.8802518	-4.146096	-12.788946	-6.069911	1.7014374	-3.6193492	-8.659379	60.0	60.0	523999	-1.04485	1.2940203	0.2650342	-12.606588	0.9917466	0.014070995	1776.548453092575
132	-7.4325714	1.941454	-3.466099	-11.353065	-4.905661	2.3246374	-2.2310386	-9.240126	60.0	60.0	527999	-1.0383664	1.2822917	0.5154283	-13.076792	0.9854178	0.013777121	1790.4566612243652
133	-7.279654	1.9189925	-4.3674192	-10.99795	-5.489753	2.4332721	-1.7183285	-9.124379	60.0	60.0	531999	-1.0305486	1.2793088	2.5997658	-10.752314	0.97797513	0.013541464	1804.4402000904083
134	-7.133448	1.7880768	-3.4088688	-10.270681	-5.6361675	1.9548969	-3.0806653	-8.715287	60.0	60.0	535999	-1.0519298	1.28134	2.3120782	-11.787385	1.0001284	0.01417692	1818.235802412033
135	-7.256169	1.8283105	-3.7102637	-11.7522135	-6.1613092	1.9091202	-2.4667213	-8.91177	60.0	60.0	539999	-1.0557125	1.2748438	0.20615458	-11.481842	1.0038247	0.01343336	1832.1280829906464
136	-7.042103	2.0734334	-3.263769	-15.418184	-5.2876577	1.5673461	-2.4781451	-7.3229446	60.0	60.0	543999	-1.0636741	1.2686081	0.16608143	-12.209996	1.0123956	0.013861899	1845.9828016757965
137	-7.4248796	1.9873215	-3.134257	-11.196699	-4.8872347	1.5146245	-2.3658016	-7.66457	60.0	60.0	547999	-1.0653483	1.2657608	0.703398	-13.525772	1.0143096	0.014468963	1859.8838906288147
138	-7.1296654	1.8220618	-3.420552	-10.904384	-4.569995	1.3384621	-2.2106187	-6.443852	60.0	60.0	551999	-1.0668279	1.2655685	0.20086741	-10.682365	1.0156151	0.014529104	1873.722218990326
139	-7.389903	1.704673	-3.8190315	-11.203949	-4.778484	1.4901494	-3.0391922	-7.898732	60.0	60.0	555999	-1.0614617	1.2758365	0.62290263	-11.923115	1.0102544	0.014492723	1887.4326367378235
140	-7.229912	1.8825657	-3.4521506	-11.166006	-5.6668997	1.8156717	-2.5853176	-8.119305	60.0	60.0	559999	-1.0550655	1.2644045	2.4933798	-10.641125	1.0034604	0.013704096	1901.709020614624
141	-6.881683	1.8064389	-3.5984316	-10.459297	-5.273746	2.1991613	-2.2884152	-8.198849	60.0	60.0	563999	-1.0477071	1.2569671	6.3170595	-13.574968	0.9960133	0.013685642	1916.0245425701141
142	-8.044375	2.779196	-3.7443547	-21.459124	-8.17087	5.5330253	-3.9093008	-23.668741	60.0	60.0	567999	-1.0171092	1.2622706	4.9156857	-13.0128975	0.9608123	0.0142060835	1929.949091911316
143	-7.98413	3.5401568	-3.4442205	-22.61931	-6.679039	1.6863981	-4.445565	-8.724549	60.0	60.0	571999	-0.8633496	1.3340055	2.5732675	-12.226662	0.80403626	0.015424368	1943.9614770412445
144	-7.7180257	2.1829648	-2.9765658	-12.543427	-5.352418	1.442745	-3.1649466	-7.4355993	60.0	60.0	575999	-0.9040874	1.2741033	1.5461979	-12.413403	0.8499593	0.01329162	1957.6367366313934
145	-7.583151	1.7979153	-3.7657142	-12.270217	-5.069751	1.9595325	-2.5379355	-8.647876	60.0	60.0	579999	-0.94943595	1.2500196	3.51754	-20.562277	0.89559495	0.01290393	1971.6974041461945
146	-7.2006903	2.028061	-3.2905807	-10.842305	-6.1299925	2.1485124	-3.113396	-9.266503	60.0	60.0	583999	-0.9528646	1.25525	4.304699	-14.184738	0.8998336	0.01275751	1985.4688367843628
147	-7.2613335	1.8511808	-3.8923156	-10.798331	-5.448191	1.6414002	-3.1412017	-8.285962	60.0	60.0	587999	-0.9786491	1.2362642	0.210922	-13.123926	0.9264468	0.0117760915	1999.4813904762268
148	-7.333689	2.102059	-3.40782	-12.041392	-5.3767653	1.3713306	-3.524522	-7.02267	60.0	60.0	591999	-0.9935218	1.2511078	0.2374239	-10.734776	0.94180596	0.012622934	2013.4162600040436
149	-7.2174377	1.8848505	-3.3537714	-11.479949	-5.6754036	2.207188	-3.6202686	-9.7931595	60.0	60.0	595999	-1.0016574	1.2525046	0.39525223	-11.601421	0.95053977	0.012297545	2027.4678001403809
150	-6.9687233	1.9042357	-4.0393662	-10.790338	-5.2975125	2.2758229	-2.1015394	-8.794263	60.0	60.0	599999	-0.99125755	1.2555864	0.63220024	-11.625373	0.93918467	0.012228443	2041.7572269439697
151	-7.0126696	1.9092833	-3.1705718	-10.51108	-6.116361	1.5969305	-4.1322837	-9.05355	60.0	60.0	603999	-0.9783512	1.2590292	0.47396135	-10.130924	0.9260658	0.012763584	2055.7584884166718
152	-7.452353	1.7773145	-3.824732	-10.88966	-5.508378	1.7920531	-2.978378	-7.999956	60.0	60.0	607999	-0.9650382	1.250448	0.81144476	-10.254166	0.9132019	0.012925032	2069.734689950943
153	-7.3420935	1.7471472	-4.1499605	-10.9512415	-5.0805707	2.0975819	-2.5284364	-8.63524	60.0	60.0	611999	-0.971982	1.2576635	0.30326128	-10.8032875	0.92090356	0.012426941	2083.7670381069183
154	-7.17135	2.0605462	-3.7943943	-11.418165	-5.408576	2.1649523	-2.4915206	-8.290146	60.0	60.0	615999	-0.9779669	1.2451265	0.5279975	-9.831823	0.9267875	0.01239344	2097.6569826602936
155	-7.1668215	2.030776	-3.4090953	-11.054343	-4.3711843	2.369376	-1.5373502	-9.321267	60.0	60.0	619999	-0.97955227	1.2537897	0.2937646	-11.684391	0.92840916	0.01243733	2111.8588354587555
156	-7.0217676	1.7087674	-3.566014	-11.187271	-4.745219	2.2555244	-2.416913	-7.895941	60.0	60.0	623999	-0.9927504	1.2397954	0.79645014	-13.24749	0.942117	0.012156732	2126.116413831711
157	-7.2557297	2.107533	-3.5218673	-10.98313	-6.1275396	1.5576394	-2.4658492	-7.761788	60.0	60.0	627999	-0.99329907	1.2458711	0.30457878	-11.112833	0.9426621	0.012292304	2140.271593093872
158	-7.1528096	1.7680874	-3.6238735	-11.305728	-4.9669046	1.874091	-2.7174578	-8.862033	60.0	60.0	631999	-1.0011675	1.2477943	0.17340183	-10.232771	0.95151174	0.01193878	2154.1714675426483
159	-7.5031734	2.0384152	-3.1568844	-12.298405	-5.6533875	2.0266066	-1.9250044	-9.009979	60.0	60.0	635999	-1.0227017	1.2524779	1.2489386	-11.920471	0.97336686	0.012445506	2168.130655527115
160	-7.3719335	2.159818	-3.2920706	-11.497597	-5.1285195	2.428234	-1.9450465	-9.162934	60.0	60.0	639999	-1.0248238	1.2560908	0.19444942	-11.275571	0.97507805	0.01181166	2182.3497223854065
161	-6.828468	2.0586545	-3.3806756	-11.017647	-5.6449404	2.021465	-2.1533635	-7.914367	60.0	60.0	643999	-1.0145824	1.2437092	2.6492152	-15.222052	0.96438193	0.012715677	2196.2146232128143
162	-7.3442945	2.1273024	-3.1851757	-11.490887	-5.6387596	1.4183565	-3.6571338	-7.914225	60.0	60.0	647999	-1.0118393	1.243816	0.36696315	-24.128254	0.9622763	0.012541739	2210.7425813674927
163	-7.6783533	1.9357	-3.4718733	-11.042649	-5.5208106	1.8330194	-3.129047	-8.757997	60.0	60.0	651999	-1.0147346	1.2401087	0.29691505	-9.916128	0.9652001	0.012028432	2225.0773792266846
164	-6.7386236	1.777482	-3.4396508	-10.522337	-5.1161165	1.745126	-2.647279	-8.547368	60.0	60.0	655999	-1.0160171	1.2554469	0.6419747	-10.769703	0.96608895	0.011779263	2239.232571363449
165	-7.522628	1.7107865	-4.5093718	-10.815607	-5.9997215	1.664466	-3.77455	-8.471947	60.0	60.0	659999	-1.005563	1.2461488	6.0483217	-11.611992	0.95569396	0.012134397	2253.4871134757996
166	-7.335662	2.1489654	-4.2426386	-11.197733	-6.4829245	2.363663	-2.9643307	-9.997869	60.0	60.0	663999	-1.0004083	1.2502894	20.541924	-11.660461	0.95005345	0.012511438	2267.8970050811768
167	-6.980488	1.9122949	-4.2724667	-11.753646	-4.986989	1.6200285	-3.3371081	-8.087281	60.0	60.0	667999	-0.97916967	1.2512125	21.987038	-10.677485	0.92848086	0.012167075	2281.945752620697
168	-6.6150904	1.7270365	-3.9300895	-11.237264	-5.300637	2.0954077	-2.0501032	-7.7916613	60.0	60.0	671999	-0.97468615	1.2592598	22.584518	-15.597368	0.9240756	0.012099331	2296.3881690502167
169	-7.0444107	2.0789187	-3.2679563	-12.216244	-5.529311	1.5931396	-3.1877832	-8.04074	60.0	60.0	675999	-0.96198416	1.2498486	16.627893	-17.697166	0.9106264	0.013478478	2310.8910496234894
170	-16.202013	11.037311	-3.8435202	-40.85603	-26.840424	3.5268717	-18.578579	-31.679743	60.0	60.0	679999	-0.07458955	2.8641505	23.450115	-10.831131	-0.18678461	0.15207998	2325.5427725315094
171	-23.179842	7.0268993	-5.088378	-38.19566	-17.82378	7.963386	-9.356151	-31.26611	60.0	60.0	683999	8.217627	7.2990556	32.561764	-19.798328	-9.054529	2.2226572	2340.1124336719513
172	-22.971844	7.823894	-7.763045	-41.879955	-24.563564	5.8945136	-11.873617	-31.22782	60.0	60.0	687999	14.192404	6.201799	31.85904	-9.965453	-14.877079	4.4106984	2354.6116938591003
173	-21.24698	6.478296	-8.178696	-33.161926	-24.343998	7.126225	-13.774481	-32.541332	60.0	60.0	691999	14.263094	5.5551214	32.257355	-13.057585	-14.751145	3.7968256	2368.767229318619
174	-21.766802	5.6033735	-8.6153145	-32.96653	-16.980536	7.147106	-7.7345414	-27.942816	60.0	60.0	695999	12.331335	5.1150284	43.008404	-10.525239	-12.843513	2.7410474	2382.6582345962524
175	-19.930399	6.445828	-8.01711	-33.175552	-19.294086	5.1261888	-7.25655	-26.23197	60.0	60.0	699999	12.966765	7.473898	42.99408	-24.960184	-13.60434	3.38302	2396.4603538513184
176	-19.390059	5.479685	-8.031055	-31.749763	-19.77367	6.511008	-5.1655073	-26.069813	60.0	60.0	703999	12.538858	7.181196	39.63922	-8.954583	-13.020767	3.2600505	2410.315011739731
177	-18.684975	6.2177677	-6.2897334	-29.586811	-16.538858	6.084436	-10.990455	-29.767717	60.0	60.0	707999	13.476312	7.364088	34.639645	-10.769794	-14.067887	3.940713	2424.1604087352753
178	-18.511879	6.626939	-5.308	-36.664967	-16.51526	6.05188	-6.593372	-28.393541	60.0	60.0	711999	14.230345	8.545063	50.91037	-13.295111	-14.870872	4.951674	2437.9080379009247
179	-20.488401	5.1300316	-7.7424607	-29.386433	-15.545679	4.712847	-8.065512	-20.581833	60.0	60.0	715999	16.859058	10.700092	60.67003	-14.548701	-17.543844	6.490206	2451.730826854706
180	-17.578302	5.2918797	-7.3873453	-34.802517	-15.291885	3.6738546	-11.443727	-22.39666	60.0	60.0	719999	15.327748	9.035082	50.91034	-17.00781	-15.914341	4.9092245	2465.9067482948303
181	-19.676998	5.557941	-6.33037	-32.326694	-24.957127	13.705357	-7.051365	-43.61837	60.0	60.0	723999	15.035781	8.165046	50.639305	-10.708437	-15.633663	4.720248	2479.687242746353
182	-24.313889	9.575124	-8.80495	-40.548504	-20.023851	12.633073	-4.857738	-44.755157	60.0	60.0	727999	16.702246	10.435408	58.93163	-13.605126	-17.4183	6.8284736	2493.36696100235
183	-19.798878	6.921924	-10.725006	-41.321156	-15.451103	6.712781	-6.9811544	-33.38259	60.0	60.0	731999	17.84535	13.08986	60.616463	-15.124021	-18.463507	8.408938	2507.2279212474823
184	-22.194965	6.0455313	-10.145005	-38.82506	-16.50078	3.309418	-10.649513	-21.019377	60.0	60.0	735999	17.449306	10.661086	60.334328	-11.214315	-18.19846	6.7706075	2520.9807744026184
185	-19.758177	5.669334	-6.124066	-34.884865	-22.086693	4.11371	-17.352121	-27.791851	60.0	60.0	739999	19.934427	11.371703	62.862556	-11.283747	-20.75525	8.99443	2534.811019420624
186	-20.03656	6.6493444	-6.0175843	-41.79104	-17.804287	7.347005	-7.284456	-33.77173	60.0	60.0	743999	20.07392	11.684668	57.372715	-13.608081	-20.757195	9.16489	2548.6373958587646
187	-19.26529	6.5345387	-8.589144	-36.99597	-18.070208	4.614477	-12.3472805	-26.268404	60.0	60.0	747999	18.995834	10.630977	60.72704	-10.252446	-19.648785	8.02254	2562.3561103343964
188	-21.79305	4.7566257	-10.235881	-32.490997	-26.938004	5.0875087	-19.829826	-33.940895	60.0	60.0	751999	17.550098	8.278458	50.330784	-16.354992	-18.205511	6.4555645	2576.1504073143005
189	-21.166477	6.069615	-8.464047	-33.1294	-15.728523	4.326045	-8.505153	-21.359846	60.0	60.0	755999	17.111456	5.2594986	41.508434	-16.10484	-17.653429	5.450359	2589.9549844264984
190	-17.410215	4.9512177	-6.6102576	-29.878952	-15.071657	3.4450276	-9.227472	-22.994205	60.0	60.0	759999	14.217249	4.8552003	36.185642	-13.302807	-14.595656	3.8644567	2604.1271023750305
191	-17.070887	7.1644034	-6.615446	-36.441692	-12.812727	5.473844	-8.014597	-21.409805	60.0	60.0	763999	10.549745	4.3547006	26.0275	-7.3431854	-10.834746	2.1652167	2617.960379600525
192	-13.754113	5.2043824	-5.6060853	-36.446907	-8.467846	1.7904828	-6.358648	-12.215875	60.0	60.0	767999	7.637439	4.0300674	20.582726	-7.4194283	-7.8597794	1.2678629	2631.7767260074615
193	-13.8187275	3.5263393	-6.4626346	-23.41679	-10.137417	3.996817	-3.0740187	-17.120178	60.0	60.0	771999	5.346205	3.4937618	20.827173	-10.343065	-5.5431743	0.70785445	2645.552891254425
194	-13.254148	3.7361686	-6.9259706	-22.343588	-8.83568	2.7334867	-3.3363209	-13.600944	60.0	60.0	775999	3.6969285	3.1363904	16.03565	-10.205202	-3.8463285	0.4566417	2659.2426676750183
195	-9.825489	2.8861907	-4.5001984	-16.397373	-7.517573	2.7348092	-2.8370688	-11.797327	60.0	60.0	779999	2.009089	2.376162	9.99008	-9.937693	-2.1085494	0.1851301	2673.103947877884
196	-8.362068	2.360531	-3.9339495	-12.637248	-6.03524	2.1718864	-2.1553364	-8.868331	60.0	60.0	783999	0.7626138	1.85946	6.664967	-11.302122	-0.84918404	0.074652635	2686.7203583717346
197	-8.215545	2.293042	-4.2777658	-12.956057	-7.9113016	2.5108094	-4.420814	-13.886015	60.0	60.0	787999	-0.06660705	1.5133008	4.1460648	-11.2504425	-0.009809296	0.03692692	2700.661251306534
198	-8.053967	2.232388	-3.7378907	-12.727675	-6.5218763	1.5700127	-4.6906915	-9.885574	60.0	60.0	791999	-0.54112846	1.4168146	1.7740049	-11.860172	0.46299422	0.02662424	2714.625765800476
199	-7.6712613	2.00452	-4.062374	-13.640701	-5.6542754	1.9510415	-2.6574924	-8.998121	60.0	60.0	795999	-0.7681551	1.4216154	1.1767347	-13.629213	0.6925635	0.028731667	2728.7087399959564
200	-8.033398	1.8568745	-4.2708473	-11.962917	-5.8346405	1.5509899	-3.2604995	-7.8608003	60.0	60.0	799999	-0.9133567	1.4256977	0.8122933	-13.50757	0.839413	0.027304783	2742.996792078018
201	-7.4683065	1.9295454	-3.6746216	-11.609508	-7.205714	1.866055	-3.8037055	-9.574728	60.0	60.0	803999	-0.9968591	1.4115075	0.46362042	-13.239207	0.92399234	0.02915725	2756.892188310623
202	-7.5637016	1.996868	-3.102643	-12.23126	-7.207856	1.8965863	-4.297171	-10.317846	60.0	60.0	807999	-1.0450331	1.4198561	0.3281238	-13.44111	0.97105443	0.02808421	2770.7337460517883
