Epoch	AverageEpRet	StdEpRet	MaxEpRet	MinEpRet	AverageTestEpRet	StdTestEpRet	MaxTestEpRet	MinTestEpRet	EpLen	TestEpLen	TotalEnvInteracts	AverageQVals	StdQVals	MaxQVals	MinQVals	LossPi	LossQ	Time
1	-28.587505	5.21762	-19.547586	-35.43886	-15.405978	5.176178	-9.511931	-26.664495	240.0	240.0	3999	-0.556014	0.34991688	0.5087901	-1.6976918	0.5119948	0.0005872715	12.146296977996826
2	-26.210178	4.7928834	-19.256336	-37.436684	-15.05694	4.976879	-8.949689	-22.521172	240.0	240.0	7999	-1.2824728	0.5714367	0.77165544	-3.2137363	1.2160757	0.0019160919	29.64908003807068
3	-23.564865	7.1022906	-11.583526	-35.82976	-16.700104	3.978818	-10.61739	-21.821295	240.0	240.0	11999	-1.6453664	0.82216835	1.151069	-4.045079	1.5664086	0.0032681108	47.25821781158447
4	-17.254578	4.062606	-9.756961	-23.659006	-15.18577	4.267092	-10.092698	-25.627134	240.0	240.0	15999	-1.5519168	0.9812198	1.1127262	-4.3882895	1.4856702	0.0022118336	65.11185598373413
5	-17.637793	4.6037145	-11.601398	-28.566175	-18.137655	4.2842836	-10.711283	-24.36683	240.0	240.0	19999	-1.6451056	1.0012017	0.5219438	-4.773335	1.5921493	0.0025875638	83.60039019584656
6	-17.85822	6.00935	-10.891587	-30.526083	-17.984903	5.065283	-10.007965	-27.559343	240.0	240.0	23999	-1.7851115	1.0605519	0.8842434	-5.2864213	1.7336004	0.003375379	101.52837419509888
7	-19.585484	4.457647	-11.368281	-29.330685	-17.09766	5.8532777	-9.864806	-28.121607	240.0	240.0	27999	-1.8818953	1.1075975	1.0814027	-5.4534745	1.8318406	0.005063895	119.46896123886108
8	-18.403913	5.416755	-10.462651	-29.064398	-13.988752	4.9176493	-8.166125	-27.643625	240.0	240.0	31999	-1.9374435	1.1035577	1.2236471	-5.53515	1.8854144	0.0064821835	138.02610206604004
9	-17.439259	5.5758915	-8.608953	-29.275238	-14.704114	5.416102	-6.9436584	-25.498125	240.0	240.0	35999	-1.9482956	1.1425226	1.4268632	-5.5987687	1.8978486	0.007841552	155.90766978263855
10	-14.262627	4.304192	-10.295153	-27.695808	-11.976115	2.0399263	-9.018378	-16.713915	240.0	240.0	39999	-1.8558288	1.1878766	2.2485313	-5.6855226	1.8015642	0.0075615263	174.0805060863495
11	-14.349734	3.893957	-8.808749	-23.363613	-12.337644	2.175379	-8.77318	-16.169264	240.0	240.0	43999	-1.7298294	1.1355854	2.557456	-5.734163	1.6783681	0.0062816977	192.6222882270813
12	-17.409744	4.885286	-11.058848	-27.335352	-12.7118025	4.622016	-8.374646	-20.209444	240.0	240.0	47999	-1.722648	1.1148832	2.9547703	-5.811794	1.6766822	0.008154306	210.29721665382385
13	-14.52514	4.7033844	-8.445823	-23.724613	-12.574656	5.50599	-7.4782653	-27.471415	240.0	240.0	51999	-1.7252712	1.1553273	2.7220829	-5.5713935	1.6793131	0.008468383	228.3017201423645
14	-15.067358	3.4918454	-6.765329	-20.235682	-13.831421	4.4426937	-7.5840693	-20.814983	240.0	240.0	55999	-1.7156363	1.2044121	2.2122152	-5.5547	1.6702158	0.008466377	246.90171480178833
15	-15.408067	2.6992433	-8.724842	-20.080656	-10.850993	2.8693717	-6.6570253	-15.244524	240.0	240.0	59999	-1.6996211	1.2006639	1.7224398	-5.6526794	1.6555765	0.008223907	264.9547290802002
16	-14.209094	3.382505	-9.432472	-18.971972	-11.491788	3.2769852	-5.998612	-17.00009	240.0	240.0	63999	-1.7018627	1.1722612	1.5689089	-5.680811	1.6591457	0.00821797	282.96208667755127
17	-14.637581	4.916151	-8.239858	-25.610065	-12.522825	2.6819525	-9.398791	-18.31546	240.0	240.0	67999	-1.7309319	1.108537	1.2580698	-5.7803893	1.691375	0.008010437	301.47975420951843
18	-14.208498	4.642509	-8.591339	-26.273193	-13.555292	5.218268	-7.5415096	-27.652124	240.0	240.0	71999	-1.7744384	1.1288557	2.3132613	-5.7879868	1.7353637	0.008297896	319.628981590271
19	-13.910761	3.4072642	-8.908804	-22.658215	-12.555793	6.260811	-5.5319057	-27.465807	240.0	240.0	75999	-1.777386	1.173543	2.4720461	-6.0067954	1.7382312	0.00831445	337.4053204059601
20	-15.444467	4.735888	-7.5420914	-23.749962	-11.963254	3.2105231	-7.755376	-18.100603	240.0	240.0	79999	-1.7721679	1.1918912	1.9530932	-6.1074686	1.732304	0.008579472	355.81507539749146
21	-12.313697	1.736156	-9.485531	-15.732027	-14.572275	5.179437	-8.254875	-25.004707	240.0	240.0	83999	-1.7375573	1.1872262	1.7266707	-6.207073	1.698238	0.009033764	373.4423794746399
22	-12.933857	3.8846226	-8.087743	-22.905056	-12.1318	4.138272	-7.219115	-21.464361	240.0	240.0	87999	-1.7141469	1.1749171	1.597084	-6.036004	1.6764998	0.008714626	390.9687035083771
23	-13.406948	4.5062027	-8.54148	-22.557718	-13.279184	4.8577247	-7.124496	-20.39496	240.0	240.0	91999	-1.7013807	1.2012262	1.4780629	-5.801038	1.6647329	0.008668791	409.1715545654297
24	-12.868007	2.5639694	-8.96482	-18.831057	-11.29796	2.6501029	-7.938231	-17.683104	240.0	240.0	95999	-1.7228786	1.2185105	1.0503287	-6.111688	1.6876451	0.009421748	426.5959656238556
25	-13.246364	2.3872056	-10.008727	-19.49578	-9.959355	2.0013509	-6.456621	-12.511497	240.0	240.0	99999	-1.7217122	1.1897298	0.74225944	-6.1768684	1.686537	0.009245099	444.1243326663971
26	-12.283505	1.8312478	-8.343693	-16.78623	-10.942407	2.1546462	-5.9444838	-13.4271555	240.0	240.0	103999	-1.7345436	1.1338279	0.7634286	-6.1117435	1.7014312	0.009231336	462.3943157196045
27	-10.60939	2.3528993	-7.1890445	-16.123594	-12.006417	3.4305062	-7.745381	-19.94311	240.0	240.0	107999	-1.7657793	1.0797567	0.3235035	-6.2524037	1.7340436	0.0101569025	479.9163887500763
28	-13.782246	4.9177213	-5.7210193	-25.860634	-12.006875	5.715788	-5.628782	-27.782864	240.0	240.0	111999	-1.797422	1.0612838	0.60748625	-6.0787373	1.7667038	0.010675263	497.9114193916321
29	-10.343545	1.6713718	-6.8361287	-13.117292	-11.252355	3.2790766	-5.543214	-17.273592	240.0	240.0	115999	-1.825655	1.0802275	0.7655066	-6.2378597	1.7943029	0.010256081	515.5671741962433
30	-13.214986	4.757041	-7.7703853	-25.041132	-10.517718	2.4138484	-6.278868	-14.231279	240.0	240.0	119999	-1.8260006	1.1152697	1.2651587	-6.0496216	1.7956746	0.009918326	533.4251918792725
31	-11.716526	3.8044903	-8.105471	-24.893871	-10.051346	3.4700751	-6.1205497	-18.08638	240.0	240.0	123999	-1.8472508	1.1503052	1.5877051	-5.9374933	1.8178338	0.009277891	551.3744785785675
32	-10.744857	2.7692926	-6.9178224	-19.044203	-9.344628	5.0536003	-4.7555532	-23.100866	240.0	240.0	127999	-1.8171104	1.143133	1.346648	-5.8488255	1.7853172	0.010159307	569.0586972236633
33	-11.244399	2.9448254	-5.175488	-16.664251	-10.134462	2.2825744	-5.8067346	-13.57432	240.0	240.0	131999	-1.7875584	1.1294923	1.2510669	-5.761891	1.7566742	0.010008861	586.7428739070892
34	-11.239908	2.9201849	-6.872314	-16.69161	-9.922357	3.4038737	-5.246128	-17.912691	240.0	240.0	135999	-1.7546111	1.1134797	0.83366036	-5.90028	1.7234856	0.009814899	604.9724426269531
35	-11.641405	3.0783625	-7.470248	-20.076405	-12.114844	3.893068	-5.560193	-19.058949	240.0	240.0	139999	-1.7365302	1.1008193	3.9781094	-6.0621805	1.706958	0.01002625	622.5928330421448
36	-12.252754	2.8438022	-5.691869	-16.946672	-9.080814	3.087541	-4.543694	-13.022589	240.0	240.0	143999	-1.727639	1.1053462	1.1937692	-6.093221	1.6973127	0.009870769	640.3210411071777
37	-10.3562355	2.3577998	-6.5208416	-14.597257	-11.583472	4.638156	-6.1743875	-19.443586	240.0	240.0	147999	-1.7043746	1.1038449	1.214812	-5.8321824	1.6748747	0.009816915	658.4220399856567
38	-9.313509	1.824638	-5.8419566	-14.15467	-7.969115	2.950376	-4.685091	-15.255539	240.0	240.0	151999	-1.7020025	1.113807	1.1238259	-6.0781393	1.6734947	0.009165222	676.0172762870789
39	-11.874627	4.6334643	-7.385492	-24.965923	-11.587997	5.464577	-5.7361536	-25.281704	240.0	240.0	155999	-1.6954648	1.0939554	1.3430697	-6.016335	1.666911	0.0094412165	693.5967345237732
40	-9.86504	2.9144983	-6.0141172	-18.769424	-10.679091	4.253487	-5.3176427	-17.848404	240.0	240.0	159999	-1.6799324	1.0684448	1.2961134	-5.8296814	1.652108	0.008990425	712.0252623558044
41	-10.17711	3.6867065	-6.432595	-17.424292	-9.108749	2.3260558	-5.449314	-11.7623	240.0	240.0	163999	-1.6871189	1.0867376	0.75711536	-5.876003	1.6606557	0.009347319	729.8983252048492
42	-10.615753	2.2290237	-6.5632267	-17.030273	-10.904382	4.9002886	-4.15419	-18.8019	240.0	240.0	167999	-1.6863294	1.0888239	0.960099	-6.0393133	1.6591618	0.009431452	747.0715544223785
43	-10.870906	3.0857494	-6.24609	-17.178793	-10.219564	2.4343793	-7.508521	-15.49623	240.0	240.0	171999	-1.6801317	1.080392	0.55241525	-5.807669	1.6533931	0.009221823	765.3146286010742
44	-8.511432	1.4981045	-5.9124813	-11.533844	-8.459543	1.2301505	-7.0707707	-10.416886	240.0	240.0	175999	-1.6707507	1.0862505	0.83514524	-6.043564	1.6443523	0.008780636	783.1474924087524
45	-10.269844	4.311882	-5.984613	-22.770697	-9.934694	3.6544993	-5.4207554	-19.515495	240.0	240.0	179999	-1.671429	1.0921358	0.3980558	-6.0912404	1.6458699	0.0087409355	800.7405033111572
46	-10.351868	3.98849	-6.1316395	-19.95571	-7.6486335	1.7911279	-4.0268	-10.192079	240.0	240.0	183999	-1.655478	1.1120888	0.8412025	-6.2635136	1.6291689	0.008627129	819.039553642273
47	-10.641415	5.3468285	-5.183733	-28.903904	-6.928038	1.3436	-4.4375525	-9.118394	240.0	240.0	187999	-1.626846	1.1237764	1.0463209	-6.151883	1.6003425	0.008280247	836.8184132575989
48	-10.816432	5.24264	-6.2339272	-28.243725	-8.14123	2.1502793	-4.726055	-13.154333	240.0	240.0	191999	-1.6046778	1.1033254	0.81875944	-6.275923	1.577837	0.0089378925	854.448888540268
49	-9.754164	2.777377	-6.111687	-17.585073	-7.858098	2.6057076	-3.7287533	-12.259131	240.0	240.0	195999	-1.5770941	1.0905983	0.81359434	-6.0768585	1.5503925	0.00843718	872.7786500453949
50	-8.751465	2.0843868	-5.9264374	-12.539474	-8.38096	2.1114373	-5.6861463	-12.339638	240.0	240.0	199999	-1.5672209	1.0846002	1.0051513	-6.050415	1.541188	0.008516681	890.7455205917358
51	-7.6764274	1.2966868	-5.751859	-9.993619	-8.572757	4.242683	-4.698144	-18.519327	240.0	240.0	203999	-1.546111	1.0848398	0.6777979	-6.244132	1.5196509	0.007575822	908.582692861557
52	-8.4324665	2.9288201	-5.124834	-18.187551	-7.4285154	2.133449	-3.963439	-9.967284	240.0	240.0	207999	-1.5517054	1.0826706	0.6466626	-6.725855	1.527586	0.008367199	926.905035495758
53	-9.020588	2.8742087	-6.2986994	-18.906853	-6.862265	3.1835139	-3.5789864	-14.837386	240.0	240.0	211999	-1.5660632	1.0908996	0.28261578	-5.683776	1.5421259	0.008060277	944.4393029212952
54	-9.650782	1.955995	-6.923576	-13.677888	-8.342911	2.5581741	-5.5380187	-12.2129755	240.0	240.0	215999	-1.5646628	1.0911062	0.34315336	-5.827467	1.540136	0.008480507	962.25767827034
55	-8.92934	2.425564	-5.4020195	-14.178347	-7.886588	1.9112278	-6.3781343	-12.487588	240.0	240.0	219999	-1.5541232	1.0997106	1.0360672	-5.851737	1.5301243	0.0077294935	980.4393789768219
56	-8.198272	1.6119573	-5.8695893	-11.80912	-8.526138	1.9602909	-6.517367	-12.852108	240.0	240.0	223999	-1.5396117	1.0990255	0.7942445	-6.0495486	1.5152309	0.008445189	998.1888332366943
57	-8.229507	2.0145361	-5.507375	-12.725811	-7.485835	2.4798753	-3.779178	-11.42993	240.0	240.0	227999	-1.5131267	1.0869219	0.9296402	-5.7544045	1.4884814	0.007877494	1015.4828615188599
58	-8.014101	2.376549	-5.3271375	-14.0661335	-6.808276	1.5823034	-4.9215827	-10.771498	240.0	240.0	231999	-1.4944187	1.07704	1.9621043	-5.8515778	1.4707476	0.0075741406	1033.699007987976
59	-9.215714	1.5317153	-6.337497	-11.508759	-6.232051	1.1487226	-4.372236	-8.416413	240.0	240.0	235999	-1.5036114	1.0824986	1.7929746	-6.0509605	1.4805009	0.007172769	1051.385921239853
60	-10.128153	5.0708046	-5.491222	-29.560091	-7.338105	1.7298027	-3.8657224	-10.154079	240.0	240.0	239999	-1.5043175	1.0779887	1.0278683	-5.9025435	1.4815389	0.00764192	1069.1858818531036
61	-10.313543	4.929947	-6.6328545	-28.490866	-6.2345314	0.9872486	-3.8129876	-7.3658524	240.0	240.0	243999	-1.5031731	1.0843967	0.8781675	-6.190168	1.4807825	0.0076022283	1087.287570476532
62	-8.597544	2.0770652	-5.2410893	-13.038987	-8.793635	5.949989	-5.1515136	-25.247364	240.0	240.0	247999	-1.5053923	1.098943	0.7791518	-6.3210516	1.4830061	0.0075298054	1105.0707545280457
63	-8.526643	1.5719166	-5.727016	-13.264068	-8.890235	3.8654532	-4.6058307	-16.680908	240.0	240.0	251999	-1.4925547	1.1072745	1.0891606	-6.069899	1.4701185	0.0075757112	1122.6777694225311
64	-8.872035	1.880339	-6.675582	-14.108483	-7.2777505	1.3492347	-4.6500626	-9.314101	240.0	240.0	255999	-1.48955	1.1176145	0.4234687	-6.148428	1.4677494	0.008056896	1140.7917003631592
65	-7.886203	1.4471581	-5.739541	-10.788923	-6.0428123	1.0968075	-4.6948395	-8.2210455	240.0	240.0	259999	-1.4945937	1.1328827	2.6442618	-6.1207523	1.4736469	0.007802577	1158.4497497081757
66	-7.629657	1.7547997	-5.0211825	-10.547474	-6.549918	1.4552186	-4.542387	-9.577757	240.0	240.0	263999	-1.4946228	1.1489687	0.52837694	-6.298503	1.4731774	0.0070748096	1176.3394136428833
67	-7.841422	2.41264	-5.278179	-15.464415	-6.000861	1.2242033	-4.221442	-8.311105	240.0	240.0	267999	-1.4687124	1.1342956	0.4064299	-6.047444	1.4463215	0.007409957	1194.26837682724
68	-7.7902822	1.8001451	-5.295687	-11.501285	-6.268837	1.8870776	-3.8885436	-10.174834	240.0	240.0	271999	-1.4367675	1.1175529	0.77664614	-6.199939	1.4141454	0.006863655	1212.0335857868195
69	-7.9005146	2.6591785	-5.360805	-15.906664	-6.897174	2.1679583	-3.8850112	-11.06284	240.0	240.0	275999	-1.4059895	1.1022712	1.1937368	-6.0541325	1.3838992	0.0065036993	1229.8856472969055
70	-9.099284	2.188932	-6.295746	-13.22847	-9.261377	4.967822	-4.2903323	-20.84729	240.0	240.0	279999	-1.3912017	1.0833884	1.2668476	-6.3520613	1.3697217	0.0065291845	1248.0790367126465
71	-10.119652	5.4715185	-5.1595206	-27.511723	-7.609713	3.808552	-4.1000957	-18.490183	240.0	240.0	283999	-1.401472	1.0821028	1.3375032	-6.534592	1.3810872	0.0065621845	1265.8633313179016
72	-11.1381445	5.7357025	-5.917936	-29.101036	-7.155997	2.1390018	-4.639652	-11.344117	240.0	240.0	287999	-1.4204695	1.1043593	1.042093	-6.3229284	1.3997977	0.0066172783	1283.7537541389465
73	-7.0151067	0.9481723	-5.460206	-9.160769	-8.300475	5.7639656	-4.6851025	-25.26632	240.0	240.0	291999	-1.4173385	1.1117305	0.75480187	-6.07773	1.3965434	0.0070474073	1301.2323443889618
74	-10.060289	2.5640473	-5.957252	-14.641179	-8.783195	2.2912397	-4.076857	-11.866758	240.0	240.0	295999	-1.4069732	1.1221819	0.8013408	-6.1590567	1.386308	0.0068407757	1319.1280000209808
75	-8.019601	1.453921	-5.648872	-10.993499	-6.6542573	1.8127947	-4.11693	-9.125944	240.0	240.0	299999	-1.3832691	1.1195749	0.6670649	-6.1415	1.3618438	0.00674819	1337.360238790512
76	-8.015861	2.374911	-5.108393	-13.202513	-7.63025	2.54749	-4.163527	-10.887515	240.0	240.0	303999	-1.3667791	1.120579	0.5309156	-6.276621	1.3459071	0.0061389008	1355.1674902439117
77	-8.76848	1.8224682	-5.511241	-14.021218	-6.537384	2.2460957	-4.1651373	-10.666365	240.0	240.0	307999	-1.3458922	1.1148497	0.85111165	-6.266661	1.3243023	0.0065627852	1372.8496866226196
78	-9.66186	2.9788156	-5.7568116	-16.762066	-10.210518	4.9986825	-4.109124	-20.431234	240.0	240.0	311999	-1.3255472	1.0902692	0.70923245	-6.0908604	1.3043059	0.0065397928	1391.1697766780853
79	-9.164892	3.3406823	-5.131243	-19.513025	-8.088602	3.8416402	-4.2863927	-17.941408	240.0	240.0	315999	-1.3191386	1.0701001	0.336995	-6.349056	1.2987528	0.006143374	1408.870138168335
80	-10.511922	3.9408095	-5.7561064	-18.379185	-8.349632	3.6756291	-3.5897684	-17.42677	240.0	240.0	319999	-1.3320564	1.0815308	0.30678022	-5.7928376	1.3119732	0.0067889974	1426.7244327068329
81	-10.479038	3.748713	-5.904974	-17.327969	-6.9387155	2.8540208	-4.049967	-14.343102	240.0	240.0	323999	-1.3403561	1.0809981	0.25175452	-5.6447377	1.3203821	0.007192949	1445.012959241867
82	-9.44409	3.0017896	-6.269812	-17.531376	-5.9878263	1.4399523	-4.5162745	-9.030931	240.0	240.0	327999	-1.3485503	1.0915227	0.6587225	-5.8532567	1.3287717	0.0063546826	1462.7931880950928
83	-7.8426423	1.6161718	-4.8763046	-10.306379	-6.433554	1.8056244	-4.0074472	-9.9819565	240.0	240.0	331999	-1.3557638	1.1166772	0.57230175	-5.9697833	1.3361052	0.006684702	1480.5543293952942
84	-9.286024	2.5872738	-5.489227	-16.707169	-7.2608213	2.0601137	-4.2686944	-12.015114	240.0	240.0	335999	-1.3487494	1.1193284	0.4243878	-6.366401	1.32834	0.007242675	1498.8472518920898
85	-8.531765	1.852061	-5.7125664	-12.4963	-6.1304426	1.6386559	-4.4376698	-9.643354	240.0	240.0	339999	-1.3319392	1.1180059	0.14567661	-6.086185	1.3116999	0.006303156	1516.5522644519806
86	-7.733479	1.5259396	-5.435104	-10.259383	-6.7125206	1.8275585	-4.4389234	-9.6489525	240.0	240.0	343999	-1.3213756	1.1165184	0.46684778	-6.088527	1.3014126	0.0065838946	1534.2803909778595
87	-7.9320393	1.8176804	-5.4699745	-12.567324	-6.0245104	2.0171278	-4.0693173	-10.746124	240.0	240.0	347999	-1.3102895	1.1085352	0.9231508	-5.9260907	1.290286	0.0069499016	1552.5067286491394
88	-7.8507442	1.7264787	-5.6476717	-11.02033	-6.601863	1.1202002	-5.552632	-9.536447	240.0	240.0	351999	-1.3047686	1.1097066	0.43949294	-6.128256	1.2854527	0.0062326393	1569.8958377838135
89	-7.702222	1.2458568	-5.095347	-9.310741	-7.4083824	0.7767112	-6.0938673	-8.382282	240.0	240.0	355999	-1.3021584	1.1011703	1.0646261	-5.9732885	1.283136	0.0062484825	1587.660122871399
90	-8.070065	2.4138951	-5.5159335	-14.644752	-6.6469545	0.9644378	-4.177888	-7.8542647	240.0	240.0	359999	-1.3043063	1.0996124	1.7100903	-6.282206	1.2851514	0.005911128	1606.197048664093
91	-7.5910664	1.5885462	-5.0292892	-10.479493	-6.4262877	3.0861752	-4.252994	-15.093203	240.0	240.0	363999	-1.3019526	1.0872433	1.8687075	-6.6235323	1.2830215	0.006144046	1623.8531486988068
92	-8.020454	2.2447433	-5.40148	-13.781959	-7.6564317	1.7172276	-5.1837435	-10.367893	240.0	240.0	367999	-1.3105366	1.085574	1.1537832	-6.3004465	1.2919538	0.0063787843	1641.7495243549347
93	-10.331413	3.9145355	-5.4506054	-19.133017	-6.609296	1.4753654	-4.2527914	-8.767414	240.0	240.0	371999	-1.3020798	1.0879397	0.6800419	-6.2466087	1.2824218	0.006180398	1660.1324079036713
94	-8.282192	2.7188392	-5.655646	-17.32781	-8.408895	3.4032583	-4.3617535	-14.862466	240.0	240.0	375999	-1.2966611	1.0904746	0.79206455	-5.7991333	1.2778673	0.0063096113	1677.9032607078552
95	-8.822944	3.2864025	-5.193152	-18.824732	-7.178942	2.5466657	-4.321614	-12.571605	240.0	240.0	379999	-1.2951536	1.0956029	0.16963458	-5.712992	1.276321	0.006179889	1695.7473285198212
96	-8.625584	3.0582473	-5.0036535	-15.046842	-6.578349	2.5439801	-4.377918	-12.695922	240.0	240.0	383999	-1.2930686	1.1017795	0.28854752	-5.7869034	1.2744414	0.0060927127	1713.9009385108948
97	-7.3034797	1.4109577	-5.451567	-10.722883	-6.044419	1.3200499	-4.050778	-8.223234	240.0	240.0	387999	-1.2898791	1.1064019	0.10549021	-5.780496	1.2715414	0.0067953276	1731.700100183487
98	-8.540038	2.2832117	-5.3333077	-12.360693	-8.66181	3.3973207	-5.099135	-16.749262	240.0	240.0	391999	-1.2928983	1.1148717	0.3284278	-5.7818575	1.2745186	0.005283045	1749.4951786994934
99	-7.586834	1.5338773	-5.145254	-10.16375	-7.2133913	2.733661	-4.519568	-12.376793	240.0	240.0	395999	-1.2771814	1.1105903	0.17463255	-5.9255586	1.258134	0.0064339833	1767.7937695980072
100	-7.6476655	1.2102073	-5.6235414	-9.96943	-6.7755065	1.770052	-3.922308	-9.576592	240.0	240.0	399999	-1.2587107	1.0935946	0.77793574	-6.147862	1.239618	0.005906943	1785.9007241725922
101	-8.311241	2.7674825	-5.5776477	-16.366266	-7.7520194	2.8748085	-5.4238863	-15.714889	240.0	240.0	403999	-1.2396907	1.0867755	1.7834644	-6.158295	1.2203437	0.005454324	1803.681586265564
102	-8.920845	3.0151868	-5.703184	-16.381279	-5.967096	1.4637237	-3.7169156	-8.723246	240.0	240.0	407999	-1.2324494	1.0850142	2.038894	-6.045124	1.2135	0.0049558994	1822.1408207416534
103	-9.469109	2.9486728	-5.369634	-14.263084	-7.6027403	2.3014512	-4.4692802	-10.36568	240.0	240.0	411999	-1.2259318	1.0899506	1.4985926	-6.7264338	1.2074575	0.0053256885	1839.5854091644287
104	-9.012261	3.0175333	-5.822042	-16.339376	-9.858359	3.534266	-4.74012	-16.727861	240.0	240.0	415999	-1.22597	1.0870335	0.70803213	-5.9025617	1.2075342	0.006082185	1857.4698450565338
105	-9.16895	2.7934198	-5.38155	-17.257095	-7.5642943	3.0545785	-4.249268	-15.056057	240.0	240.0	419999	-1.2235261	1.0877278	0.21825457	-6.419154	1.2048986	0.0056858864	1875.7761297225952
106	-8.046921	1.8819762	-5.8509994	-13.084935	-6.4435782	1.467732	-4.8230743	-9.940382	240.0	240.0	423999	-1.2203665	1.0791587	0.23610854	-5.888935	1.2019453	0.005820092	1893.5666739940643
107	-8.498314	2.443952	-5.5096216	-13.465487	-8.661679	4.5073795	-4.519342	-18.154673	240.0	240.0	427999	-1.2185557	1.0695393	0.32138085	-6.8457966	1.1998633	0.005470375	1911.2711627483368
108	-9.500176	2.6740146	-5.5736694	-16.193068	-7.563423	4.242456	-4.2084627	-17.929504	240.0	240.0	431999	-1.2104387	1.0545981	0.5913396	-7.283142	1.1916541	0.005350761	1929.6710348129272
109	-8.19551	2.7098703	-5.157222	-13.509263	-7.5476656	1.6377192	-3.9725647	-9.918641	240.0	240.0	435999	-1.211994	1.0532755	0.2785113	-6.274018	1.193418	0.005335375	1947.4993600845337
110	-7.8692555	1.8077241	-5.1730013	-11.4466305	-8.623311	2.3744922	-6.3506217	-14.787144	240.0	240.0	439999	-1.2064451	1.054445	0.6152818	-5.8373547	1.1876235	0.006215958	1965.6376824378967
111	-10.683391	4.7060466	-6.52079	-26.90051	-6.997893	1.9241782	-3.9854162	-10.247475	240.0	240.0	443999	-1.1850232	1.0422385	1.1731853	-5.7982597	1.1653711	0.005533477	1984.0606110095978
112	-8.822622	3.7931638	-5.5607157	-22.054152	-7.0042353	1.8006241	-3.9332275	-9.154651	240.0	240.0	447999	-1.1730554	1.0463545	0.35768747	-5.9109	1.1534175	0.004859238	2001.809113740921
113	-9.8043995	2.4606607	-5.459424	-14.313433	-7.404475	2.6586728	-4.581524	-12.204785	240.0	240.0	451999	-1.1734418	1.0561099	0.32786703	-6.5616884	1.1552215	0.0058167144	2019.5686461925507
114	-10.51046	3.0650032	-6.542288	-19.17523	-6.866328	2.4132304	-4.366882	-12.20517	240.0	240.0	455999	-1.1932786	1.0590714	0.2698722	-6.2709894	1.175427	0.0051382016	2037.8290429115295
115	-8.204241	1.6367863	-5.622273	-10.6256895	-7.696419	2.7529619	-4.0628552	-14.865174	240.0	240.0	459999	-1.2091246	1.0656914	0.73360825	-6.1793585	1.1919323	0.0052707586	2055.4482424259186
116	-8.314995	1.9726896	-5.618355	-12.991775	-7.7735395	1.2739024	-5.2659163	-10.16629	240.0	240.0	463999	-1.2141908	1.090367	1.4206669	-6.146337	1.1965547	0.00586584	2073.3114519119263
117	-7.673539	1.4159218	-5.18148	-10.940701	-7.1534605	1.6773506	-4.407174	-9.965252	240.0	240.0	467999	-1.2149373	1.1016165	1.0849113	-5.977741	1.1974196	0.0056094714	2091.6452617645264
118	-7.3884907	1.5338371	-4.9534764	-10.447649	-8.417635	5.127616	-4.2732725	-23.32411	240.0	240.0	471999	-1.2095526	1.09411	0.3469584	-5.7550974	1.1917895	0.006033744	2109.0874886512756
119	-8.410177	2.1232631	-5.8360662	-14.877084	-6.530094	1.4253707	-3.6848562	-9.129136	240.0	240.0	475999	-1.199564	1.0942558	0.21135283	-5.9365897	1.1817662	0.0054163598	2126.8294866085052
120	-8.916476	2.8817892	-5.640843	-19.146633	-8.459413	3.0963717	-4.1832924	-13.878443	240.0	240.0	479999	-1.1911125	1.0876068	1.2407238	-6.00606	1.172218	0.0065279254	2145.7332730293274
121	-9.399029	2.7959774	-5.0891743	-14.531616	-7.8907547	2.097529	-5.074134	-11.079664	240.0	240.0	483999	-1.1540183	1.0533866	2.848643	-7.6775923	1.1332705	0.005913135	2163.5131158828735
122	-9.127397	1.5804116	-6.196769	-13.12107	-8.489477	2.0852458	-5.3338594	-12.139196	240.0	240.0	487999	-1.1280118	1.033348	2.6220725	-7.276346	1.1074971	0.0052616233	2181.534944295883
123	-11.444264	4.433019	-6.61339	-21.767506	-12.102158	4.8880525	-4.9665623	-19.740408	240.0	240.0	491999	-1.1292405	1.031118	2.3516448	-6.169771	1.1104547	0.00528794	2200.022085905075
124	-11.765638	5.2496643	-7.353129	-25.531109	-12.421735	6.6929903	-6.600323	-25.59425	240.0	240.0	495999	-1.1562519	1.0494518	2.0501683	-5.889064	1.1389831	0.0053734244	2217.624871492386
125	-7.3732367	1.559902	-5.2513914	-10.33553	-7.3389497	1.9244446	-4.785065	-11.6046095	240.0	240.0	499999	-1.1810946	1.0772833	1.8598211	-5.8907833	1.1643721	0.005246943	2235.4178926944733
126	-8.429452	2.846705	-5.3809743	-17.642063	-6.9113526	3.2984653	-3.8047824	-15.559895	240.0	240.0	503999	-1.1993023	1.1059731	3.1177676	-5.96407	1.182617	0.005710965	2253.8565480709076
127	-9.137708	5.0272183	-6.0016203	-27.644289	-6.2235155	1.8063035	-4.5469894	-10.113293	240.0	240.0	507999	-1.2056438	1.1214991	4.486045	-6.484399	1.1882012	0.0062264088	2271.7227091789246
128	-8.561012	1.8451108	-5.188454	-12.865425	-6.407145	1.1569719	-5.041902	-8.983039	240.0	240.0	511999	-1.1873648	1.1205759	6.2649965	-6.015583	1.1688076	0.0058432156	2289.7246730327606
129	-8.5086	2.933297	-5.7697616	-17.32708	-9.3137455	4.2936635	-4.317088	-16.983753	240.0	240.0	515999	-1.1536922	1.1452286	6.330517	-6.358086	1.1328573	0.0063123596	2308.0753784179688
130	-9.264633	3.4953282	-5.602971	-18.281189	-9.040018	3.2608857	-4.5861773	-13.706562	240.0	240.0	519999	-1.0508716	1.2979074	6.003034	-6.3598366	1.0261283	0.0073197945	2326.5087325572968
131	-10.922185	3.6760066	-6.404022	-20.121586	-10.109645	4.506635	-5.398398	-20.434338	240.0	240.0	523999	-0.94648224	1.386201	5.610415	-6.3663073	0.9196583	0.007919267	2344.0779128074646
132	-14.073015	6.145772	-6.6991587	-23.381836	-8.162285	2.2188866	-5.303719	-12.4308605	240.0	240.0	527999	-0.67743295	1.5525304	6.196518	-6.512897	0.6365529	0.008582559	2362.4582784175873
133	-11.732069	4.733472	-7.8150673	-24.249517	-8.44594	1.8941416	-6.359715	-12.413926	240.0	240.0	531999	-0.50279194	1.6607654	5.8586087	-5.796022	0.4733691	0.010000134	2380.0395922660828
134	-8.62594	2.4503753	-6.129465	-14.580548	-6.850858	0.97761464	-4.7713814	-8.317776	240.0	240.0	535999	-0.5795099	1.5066185	3.5148416	-6.791047	0.5574966	0.008044441	2397.9496762752533
135	-10.241219	2.898949	-6.4083214	-16.363922	-8.216998	0.9483987	-5.965404	-9.611716	240.0	240.0	539999	-0.6840228	1.3784347	2.8631377	-6.6784277	0.6624056	0.0066266637	2416.302352666855
136	-8.702799	2.0554035	-5.9130673	-13.844856	-6.3571997	1.139594	-4.6168456	-8.1708975	240.0	240.0	543999	-0.7666373	1.289503	2.5322518	-5.936217	0.7466359	0.005914839	2434.017725467682
137	-8.622423	1.8685011	-5.353362	-12.795144	-7.8694925	2.3383958	-5.0702357	-13.702964	240.0	240.0	547999	-0.85333794	1.2009782	1.9177113	-5.891159	0.834474	0.0051157237	2451.8346886634827
138	-8.49671	1.6175046	-5.887676	-11.6726885	-5.9724894	1.6194164	-3.9314404	-9.214624	240.0	240.0	551999	-0.9233033	1.1425717	1.056673	-6.076358	0.9046454	0.005108831	2470.065243244171
139	-7.3767824	1.7623204	-4.9645452	-11.6777935	-7.193386	1.7858945	-4.102946	-10.26132	240.0	240.0	555999	-0.9838318	1.1139656	0.82853556	-6.058793	0.9654468	0.004817046	2487.9246623516083
140	-8.550279	2.0230007	-5.611247	-12.201584	-7.230073	2.7389727	-4.0939393	-13.453562	240.0	240.0	559999	-1.0270505	1.1058508	0.6848407	-5.832517	1.0091743	0.005066084	2506.179848432541
141	-9.16462	2.7257962	-5.754774	-14.10671	-7.855774	2.2310944	-4.7304273	-12.40551	240.0	240.0	563999	-1.059351	1.1050001	1.2364187	-5.9163713	1.0419043	0.0050865742	2524.7166929244995
142	-7.9979606	1.843035	-5.123133	-11.792464	-6.6645594	1.3590058	-4.629411	-8.881293	240.0	240.0	567999	-1.0813956	1.0922794	0.80196667	-5.9212394	1.0640336	0.0050819297	2542.638586997986
143	-7.4815116	1.3486283	-5.9192834	-11.014166	-6.485822	1.2129283	-4.9936695	-9.339591	240.0	240.0	571999	-1.1031109	1.095425	0.9128885	-5.9119	1.0860996	0.0050391806	2560.388164997101
144	-7.9012775	1.8220379	-5.318698	-10.974453	-6.7530966	1.3998475	-4.5745964	-9.694035	240.0	240.0	575999	-1.123744	1.0959016	0.7237048	-5.9102416	1.1070021	0.005361171	2578.89608168602
145	-8.274458	2.3720617	-5.8179255	-13.4907465	-6.9937525	1.7660096	-4.35142	-9.776011	240.0	240.0	579999	-1.1404805	1.097053	0.6864743	-5.8004303	1.1241851	0.0056596547	2596.790738105774
146	-8.312948	1.5469974	-5.699556	-11.015837	-7.003545	1.6402798	-4.147999	-9.735696	240.0	240.0	583999	-1.1569363	1.0957797	0.14650917	-6.22327	1.1406364	0.0054584355	2614.7037057876587
147	-8.141228	1.5518556	-5.06237	-11.704203	-5.896155	0.906468	-4.61169	-7.559604	240.0	240.0	587999	-1.1699882	1.1117903	0.23418951	-6.1944594	1.1537546	0.0051341006	2633.087558746338
148	-8.280638	1.772006	-6.266497	-13.1846	-8.156903	3.2821982	-5.0357556	-15.576395	240.0	240.0	591999	-1.1677808	1.122666	1.4409132	-5.8864436	1.1511413	0.0059080976	2650.65758728981
149	-9.542499	3.1260834	-5.418078	-19.170973	-6.5141497	1.990895	-4.1587296	-9.824457	240.0	240.0	595999	-1.1600616	1.1276963	1.1637473	-5.904194	1.1431364	0.005320203	2668.514557123184
150	-8.384654	2.4545503	-5.551467	-15.10669	-6.1476393	1.4966611	-4.393724	-9.904215	240.0	240.0	599999	-1.1525649	1.1375468	0.51811934	-6.129224	1.1358129	0.005739624	2687.3143258094788
151	-7.437934	1.3917264	-5.296451	-10.230516	-6.5523605	0.9881581	-5.346169	-8.290091	240.0	240.0	603999	-1.1338062	1.1431419	0.28493643	-6.302003	1.1163267	0.0054745357	2705.1986532211304
152	-8.6635475	1.6985234	-5.4205112	-11.484415	-6.9608483	1.7650608	-4.7129154	-11.647255	240.0	240.0	607999	-1.1093166	1.1302919	0.7479992	-6.078315	1.0917	0.0051780664	2722.8868885040283
153	-9.025068	3.032344	-6.030027	-19.205866	-6.6820297	2.4250534	-4.9091086	-12.79067	240.0	240.0	611999	-1.1011597	1.1175634	2.506219	-5.9116573	1.0838066	0.004968999	2741.164232492447
154	-8.394508	1.6624029	-5.2203565	-11.16618	-7.0840178	1.176457	-4.7069554	-9.164248	240.0	240.0	615999	-1.0959511	1.1214805	1.6496425	-5.861476	1.0783523	0.005146083	2759.0845737457275
155	-8.002242	1.6255156	-5.4623775	-10.393527	-6.475058	1.6424636	-4.414187	-9.39388	240.0	240.0	619999	-1.0881919	1.1142006	1.1668429	-6.288806	1.0707041	0.0052408804	2776.8253910541534
156	-8.33124	1.9586688	-5.2167287	-12.571913	-7.060811	1.6612209	-4.433222	-9.661094	240.0	240.0	623999	-1.0839933	1.1108838	1.3012242	-6.35382	1.0671228	0.0048684906	2795.224637746811
157	-8.054695	1.7072583	-5.8378377	-11.4125595	-5.695787	1.2742049	-3.9897738	-8.755362	240.0	240.0	627999	-1.0946646	1.118103	0.700397	-6.18729	1.0775834	0.005176515	2813.188838481903
158	-7.8157377	1.5505906	-5.3623843	-11.356268	-6.5508666	1.2747566	-4.7210813	-9.289628	240.0	240.0	631999	-1.0882448	1.1073794	1.144515	-5.930962	1.0707651	0.0048697367	2831.625168323517
159	-8.11321	1.832557	-5.8486557	-11.7045	-6.2891846	1.3659859	-4.603547	-8.164324	240.0	240.0	635999	-1.0766302	1.1028674	1.5372252	-5.9132447	1.059045	0.004826917	2850.5067126750946
160	-9.395466	2.5865576	-6.306805	-17.724134	-6.541503	1.635206	-4.688406	-10.15957	240.0	240.0	639999	-1.0827268	1.1032581	1.336328	-6.634158	1.0659904	0.0049905074	2869.8223092556
161	-7.862215	1.6780471	-5.049162	-12.422859	-6.0377507	1.0145578	-4.7771654	-7.6604543	240.0	240.0	643999	-1.0856719	1.1048889	1.9884872	-6.7084675	1.0687561	0.005144804	2888.79123544693
162	-8.677292	3.3842623	-6.044179	-21.164282	-7.139415	1.5232025	-5.096493	-9.760851	240.0	240.0	647999	-1.0840391	1.1066396	1.403791	-7.3370743	1.0675424	0.004757596	2907.8155975341797
163	-7.782028	1.5751349	-5.9965076	-11.8486	-6.4441466	1.2349453	-5.2548256	-9.244224	240.0	240.0	651999	-1.0864656	1.1103426	0.785182	-7.9067755	1.069663	0.004502135	2926.400131702423
164	-8.291359	1.4357152	-5.8849416	-10.733914	-6.40648	1.6615628	-4.2443666	-8.636563	240.0	240.0	655999	-1.0812851	1.1056411	0.9602442	-6.896242	1.0640037	0.004794602	2945.2116129398346
165	-7.8245964	1.4840033	-6.140124	-12.320207	-7.391674	2.985751	-4.573611	-15.521402	240.0	240.0	659999	-1.0683924	1.1000575	0.27469635	-6.1637497	1.0512961	0.004858103	2964.165525197983
166	-7.867489	1.3044353	-5.4132185	-10.354904	-5.6663737	1.5192983	-4.091897	-8.9909315	240.0	240.0	663999	-1.073319	1.1121117	0.40878487	-6.123274	1.0564182	0.004141305	2982.4331815242767
167	-7.586836	2.4213722	-5.1712112	-14.105867	-6.596363	1.4135156	-4.391534	-8.347822	240.0	240.0	667999	-1.0727388	1.1108263	0.6642251	-6.20177	1.0561317	0.004272421	3000.8078656196594
168	-7.1785765	1.373495	-5.42243	-10.212655	-5.6723204	1.7346236	-3.710616	-8.829493	240.0	240.0	671999	-1.0709789	1.1151267	0.34476328	-6.3664637	1.0540794	0.004785057	3020.563244342804
169	-8.563751	1.3655176	-6.730421	-12.40411	-6.0726933	1.2122792	-4.5623374	-8.551186	240.0	240.0	675999	-1.0667512	1.1171521	0.36490917	-6.131104	1.0503113	0.004629029	3039.069940328598
170	-7.7523203	1.4097784	-5.231207	-10.924169	-6.517329	1.0644821	-5.050789	-8.243735	240.0	240.0	679999	-1.0655837	1.1055334	0.6274805	-6.0680633	1.0492988	0.0047295587	3057.2056148052216
171	-8.393809	1.9145691	-5.7062907	-12.233869	-6.059428	1.8924663	-4.0416794	-9.858083	240.0	240.0	683999	-1.0712743	1.1014247	1.461503	-6.2281604	1.0555706	0.0047554416	3075.332845687866
172	-8.256167	1.8855344	-4.8645554	-12.770942	-8.245592	2.8934333	-4.642093	-12.8178425	240.0	240.0	687999	-1.0781795	1.1028957	1.4313354	-6.519643	1.0621147	0.0044954834	3093.0523731708527
173	-9.074409	1.5970381	-5.4807277	-12.464582	-7.3099213	1.9439672	-4.8488474	-11.496086	240.0	240.0	691999	-1.0720093	1.0949697	0.2736721	-6.2680435	1.0555347	0.004133729	3110.8107879161835
174	-7.5511537	1.2982857	-5.5061884	-9.824821	-7.912809	3.2057817	-4.3454623	-14.532522	240.0	240.0	695999	-1.0680215	1.0876737	0.15593004	-6.9522147	1.0515712	0.0044409437	3129.216639995575
175	-9.544679	4.013571	-5.6094375	-19.438572	-7.000882	1.1471512	-5.0270524	-9.444415	240.0	240.0	699999	-1.0740035	1.0843201	1.8057752	-6.8354397	1.0579132	0.0042484663	3147.0761177539825
176	-9.119348	1.791202	-6.19909	-12.7716	-7.2064285	1.1726301	-4.893805	-9.425634	240.0	240.0	703999	-1.0746979	1.083134	0.92121506	-6.213746	1.0586932	0.00478222	3164.857147216797
177	-8.666891	1.6811675	-6.430033	-13.480666	-6.446723	1.1541634	-3.821468	-7.713368	240.0	240.0	707999	-1.0766988	1.0816392	0.53091335	-6.405336	1.0605032	0.004325783	3183.2370479106903
178	-8.824759	2.2167265	-6.2940755	-13.646829	-6.409172	1.1489364	-3.9706125	-8.110527	240.0	240.0	711999	-1.0725895	1.0773482	0.54555416	-7.3134623	1.0563205	0.004525862	3200.726119041443
179	-8.743378	1.8163397	-5.661233	-13.846913	-6.678064	1.6109626	-3.8783388	-8.159799	240.0	240.0	715999	-1.070304	1.0886362	1.5632868	-8.239484	1.0541552	0.00428245	3218.642860889435
180	-7.8974495	1.228142	-5.826148	-10.063436	-6.661977	1.484532	-4.8098702	-9.397406	240.0	240.0	719999	-1.0727171	1.1015017	2.5621867	-7.4398904	1.0567895	0.0044612368	3237.574504137039
181	-7.3725243	1.2204974	-5.8496723	-10.084088	-6.4647875	1.424917	-4.9403358	-9.2065935	240.0	240.0	723999	-1.0741844	1.1174105	1.5813622	-6.7048664	1.0585531	0.004311846	3255.2858028411865
182	-8.422001	1.6215037	-5.675002	-11.164821	-6.0996356	1.4608649	-4.671806	-9.116823	240.0	240.0	727999	-1.0720367	1.1244329	0.9757376	-6.3401337	1.0557313	0.0045471475	3273.1938002109528
183	-7.7911325	1.1890669	-5.8481445	-9.946713	-7.503119	1.7980956	-4.9351997	-10.219824	240.0	240.0	731999	-1.0642046	1.1097568	0.16124439	-6.59937	1.0485765	0.0047474382	3291.6938729286194
184	-7.4194336	1.4501362	-5.4149404	-10.164724	-6.5262346	1.6426812	-4.43039	-10.154649	240.0	240.0	735999	-1.0596807	1.1011993	0.31909943	-6.215859	1.0433627	0.0043667555	3309.5640251636505
185	-7.6502004	2.1446753	-5.087882	-13.771691	-6.0446477	1.1757519	-3.9662836	-8.727949	240.0	240.0	739999	-1.0500708	1.0953611	0.43078852	-6.056623	1.0336901	0.0043940214	3327.3794996738434
186	-7.9403563	1.9823525	-5.4422736	-12.936471	-6.4924226	2.0616372	-4.560304	-11.016809	240.0	240.0	743999	-1.0402027	1.0947618	0.39311743	-6.4251385	1.0235553	0.0044167875	3345.7731680870056
187	-8.364304	1.9328195	-5.4001746	-11.824095	-7.0362015	2.074094	-4.090214	-10.231775	240.0	240.0	747999	-1.0295094	1.1008097	0.46563816	-7.0518546	1.012831	0.0043933447	3363.74320936203
188	-8.205193	1.8180442	-5.1471663	-11.327327	-7.093146	2.376521	-4.320806	-12.222746	240.0	240.0	751999	-1.0218046	1.1089782	0.29514837	-6.930192	1.0051084	0.0044501936	3381.564038038254
189	-7.9646077	1.5948149	-5.0264482	-10.93043	-6.0978665	1.4032745	-4.514293	-8.717494	240.0	240.0	755999	-1.0109733	1.1122969	0.34394836	-6.725878	0.99424833	0.004214497	3399.932943344116
190	-7.577296	1.7316846	-5.250821	-11.415784	-6.499172	1.2466128	-4.418339	-7.799733	240.0	240.0	759999	-1.004578	1.1059748	0.34593916	-6.041574	0.98826504	0.00432324	3418.1358366012573
191	-8.420378	1.4865069	-5.204272	-10.247726	-6.3667116	1.3838009	-4.4868197	-9.228162	240.0	240.0	763999	-1.0077654	1.0890627	0.3224311	-6.0542817	0.9918772	0.004696287	3435.8936841487885
192	-7.864197	1.6500711	-5.16641	-10.988959	-6.6389856	1.1738402	-4.3625927	-8.592917	240.0	240.0	767999	-1.0161699	1.0723133	0.45944118	-6.7297244	1.0002604	0.0042866324	3454.0405666828156
193	-8.049665	1.7707385	-6.0179725	-12.414545	-6.143363	1.0746465	-4.0334234	-7.5077195	240.0	240.0	771999	-1.0366533	1.0620422	1.4720602	-6.449563	1.0212593	0.0044959015	3471.780019760132
194	-8.386279	1.3268061	-5.724413	-10.049581	-7.8332024	1.2608124	-5.0346565	-9.104129	240.0	240.0	775999	-1.0483367	1.0669935	0.38878775	-6.5373383	1.0324339	0.004457067	3489.7335085868835
195	-8.414109	2.0010276	-5.9400635	-12.107453	-6.645055	0.71835864	-5.390754	-7.712348	240.0	240.0	779999	-1.0506884	1.0746881	0.32733393	-7.044901	1.0349731	0.0043313694	3508.2397096157074
196	-8.301346	1.3059648	-6.547669	-10.359798	-7.2408304	2.049259	-4.286752	-10.617753	240.0	240.0	783999	-1.0461	1.0764956	0.21575165	-6.3762274	1.0300514	0.004694458	3526.188859462738
197	-8.698814	1.8982968	-5.3493223	-11.623556	-7.6898093	1.4547924	-4.9056697	-9.796171	240.0	240.0	787999	-1.0402007	1.073476	0.60196733	-6.4492	1.0244052	0.004648879	3544.0216932296753
198	-7.9757743	1.6429441	-5.2341695	-10.939889	-7.78927	1.8794965	-5.098225	-10.594238	240.0	240.0	791999	-1.0403656	1.0767645	0.21857929	-6.587496	1.0243034	0.0041712592	3562.4108760356903
199	-7.8734293	1.4904042	-5.464914	-10.049494	-6.4780746	1.4885811	-4.5516896	-9.309544	240.0	240.0	795999	-1.0347023	1.0744116	0.19837093	-6.1194596	1.0183549	0.0039166478	3580.4197392463684
200	-7.834678	1.474407	-6.2409134	-11.397402	-7.4800186	1.2875756	-5.6683936	-9.735077	240.0	240.0	799999	-1.0330075	1.0760192	0.6772566	-6.0999494	1.016716	0.0042771227	3598.4951877593994
201	-7.711857	1.7202839	-5.3601866	-10.612612	-6.768167	1.7201481	-4.502953	-10.11696	240.0	240.0	803999	-1.0233765	1.0813246	0.19024515	-6.2139297	1.0072339	0.004139067	3616.6926193237305
202	-6.77619	1.241964	-4.859972	-8.832714	-6.7228813	1.1732558	-4.6360393	-8.298512	240.0	240.0	807999	-1.0196701	1.0824926	0.30350685	-6.318327	1.0035031	0.0041131936	3634.7222793102264
203	-7.575173	1.6191835	-5.581852	-11.520939	-6.7448134	1.4987723	-4.458314	-9.605261	240.0	240.0	811999	-1.0017322	1.0836807	0.3707018	-8.437444	0.9852062	0.0042291735	3652.643722295761
204	-8.135446	1.6638194	-5.8033175	-10.813407	-6.3281083	1.3796046	-3.6401358	-8.661518	240.0	240.0	815999	-1.0063573	1.1003664	0.44705343	-6.573266	0.9903241	0.0035713047	3670.898269176483
205	-8.010448	1.6399031	-5.2197003	-11.963067	-6.24697	1.7143577	-3.96431	-8.866379	240.0	240.0	819999	-0.9945122	1.1091785	0.48845434	-6.7750554	0.97810364	0.003738461	3689.0932478904724
206	-7.057245	1.4095544	-4.9695277	-10.263162	-6.2084255	1.1258446	-4.2601805	-7.700598	240.0	240.0	823999	-0.9857346	1.1106399	0.5869198	-6.595372	0.9695706	0.004405301	3706.9271337985992
207	-8.020213	1.6210024	-5.601212	-11.1058655	-6.998671	1.7619336	-4.3305764	-9.856496	240.0	240.0	827999	-0.9815725	1.0978506	0.8482938	-7.080696	0.9654364	0.0039055808	3725.0976054668427
208	-7.9146676	1.5686352	-5.433431	-10.241513	-6.194606	1.2750541	-4.076775	-8.480874	240.0	240.0	831999	-0.97175336	1.0881248	0.57888556	-7.467201	0.9554498	0.0039185975	3742.8695755004883
209	-7.7814474	1.5237764	-5.54803	-10.561018	-5.9999366	0.82200587	-4.861773	-7.086362	240.0	240.0	835999	-0.972517	1.0896553	0.785409	-6.177401	0.9570472	0.003618802	3760.603422641754
210	-7.641989	1.5333021	-5.053688	-11.28876	-6.749491	1.4779994	-4.751767	-9.413549	240.0	240.0	839999	-0.97855526	1.099057	0.8388233	-5.8895473	0.96290517	0.004190729	3779.4039192199707
211	-7.5920987	1.6157948	-5.0491867	-9.968088	-6.6765223	1.5321519	-4.6001024	-8.856956	240.0	240.0	843999	-0.9781477	1.094168	1.0240154	-6.2128954	0.9625519	0.0042394227	3797.438018321991
212	-7.7200603	1.2866986	-6.0684767	-10.624239	-6.5345955	1.5169733	-4.1081157	-8.373683	240.0	240.0	847999	-0.97549325	1.0919081	2.5290132	-5.9471965	0.9598579	0.0044613997	3815.4872767925262
213	-7.6604705	1.2494887	-5.708036	-10.545303	-7.252389	1.5618819	-4.720102	-9.573938	240.0	240.0	851999	-0.974539	1.0949612	0.5910859	-5.929062	0.958754	0.0041049784	3833.835769891739
214	-8.643568	2.06839	-5.6301346	-11.953731	-5.785705	1.3502644	-4.498271	-8.597686	240.0	240.0	855999	-0.9772796	1.0862943	0.43828154	-6.0734587	0.9618329	0.004037564	3851.9138643741608
215	-8.273634	1.6133306	-5.9219847	-11.514754	-6.7103043	1.8470509	-4.8488274	-10.802649	240.0	240.0	859999	-0.980194	1.0822809	0.42040157	-6.2961783	0.96451426	0.0038809257	3869.859785079956
216	-7.990271	1.5712416	-5.5673027	-10.959371	-6.7132196	1.7010341	-4.1153665	-9.51381	240.0	240.0	863999	-0.9756548	1.0768105	0.39070988	-6.884941	0.9599789	0.003821138	3888.196590900421
217	-7.537925	1.6987414	-5.4631205	-11.428803	-7.736693	2.0448217	-4.6043253	-11.5231085	240.0	240.0	867999	-0.984254	1.0691622	0.459733	-6.34032	0.9692947	0.0038351407	3906.423319578171
218	-9.449806	1.781367	-6.6312656	-14.221024	-7.3253837	0.7594803	-6.0917673	-8.543742	240.0	240.0	871999	-0.98924047	1.0633221	0.3408141	-6.1776934	0.97351813	0.0038582624	3924.337787628174
219	-8.508928	2.2797775	-5.454837	-13.900025	-7.032144	1.0862063	-5.5182314	-8.645319	240.0	240.0	875999	-0.9780847	1.0601983	0.9510007	-6.186151	0.9619899	0.003959053	3942.3807723522186
220	-8.504425	1.2405189	-6.197996	-10.6644335	-7.158249	1.4970765	-5.0608773	-9.766016	240.0	240.0	879999	-0.96948546	1.0700225	0.47029638	-6.564576	0.9533662	0.00349768	3960.935812473297
221	-7.9778624	1.522824	-6.3832946	-12.756637	-6.902751	1.8163131	-5.0952578	-11.178336	240.0	240.0	883999	-0.964318	1.0691258	0.4840498	-6.225634	0.9486664	0.0042959726	3978.819055557251
222	-8.603	1.5801711	-5.977483	-11.942875	-7.684611	2.1713595	-4.737612	-11.7744255	240.0	240.0	887999	-0.9667744	1.0743531	0.40526724	-6.071186	0.9513753	0.0041107275	3996.843156337738
223	-7.862758	1.4073613	-5.49579	-10.797915	-7.201805	1.316653	-5.3975716	-9.05599	240.0	240.0	891999	-0.9673659	1.0688729	0.22160244	-6.0585947	0.9518412	0.0036190206	4014.7496988773346
224	-8.951278	1.4538298	-5.8892846	-11.045068	-7.446691	1.4283266	-4.8615904	-9.582435	240.0	240.0	895999	-0.9691294	1.0680676	0.1449523	-6.249241	0.9535098	0.003672831	4032.597747325897
225	-8.295463	1.4693024	-6.2214746	-11.367827	-8.1471195	2.323422	-5.1723967	-12.199493	240.0	240.0	899999	-0.9666309	1.0741843	0.20182514	-6.2966795	0.9509259	0.003884625	4050.9559967517853
226	-9.206982	2.7495618	-6.061671	-16.7351	-7.7916574	1.2152712	-6.466669	-10.895544	240.0	240.0	903999	-0.9553906	1.0638212	0.37109566	-6.105999	0.9392533	0.003753786	4068.8903126716614
227	-8.12663	1.6553398	-4.930092	-11.2276535	-7.558734	1.5719795	-4.520678	-9.710244	240.0	240.0	907999	-0.9520923	1.057058	0.6317134	-6.166201	0.93628323	0.0038937663	4086.8060142993927
228	-8.55073	1.439633	-5.561113	-10.911259	-5.9982753	1.5274222	-4.1279364	-8.909844	240.0	240.0	911999	-0.9558611	1.0526158	0.4399433	-6.2577143	0.9408337	0.0032879172	4104.920699357986
229	-7.9959674	1.2426519	-5.448618	-11.178724	-6.9146805	1.726661	-4.677074	-9.748169	240.0	240.0	915999	-0.97515243	1.0540667	0.23937225	-6.8549757	0.9599468	0.0038520107	4122.9557111263275
230	-7.890134	1.6100596	-5.396696	-10.796402	-7.791503	1.5983893	-4.939364	-9.842993	240.0	240.0	919999	-0.98093647	1.0454347	0.16855526	-7.035562	0.9658867	0.003230579	4141.427417755127
231	-7.9472394	1.8148022	-4.8974166	-10.488573	-7.2000933	1.8010135	-4.328937	-9.694456	240.0	240.0	923999	-0.9883195	1.0461036	0.25244045	-7.12761	0.97318447	0.0037637567	4159.583722352982
232	-8.941959	1.9396459	-6.1202602	-11.987207	-6.1744375	1.047418	-5.3749347	-9.026407	240.0	240.0	927999	-0.9941356	1.0430585	0.5219159	-6.388407	0.9791458	0.0038992374	4177.627076625824
233	-7.673153	1.6683214	-4.7575507	-10.592648	-7.298523	1.9672755	-4.368562	-10.61599	240.0	240.0	931999	-1.005742	1.0430658	0.0776186	-6.3521943	0.99076426	0.0037800153	4195.5303156375885
234	-8.427753	1.284618	-6.126362	-10.552557	-7.923613	4.065664	-3.585308	-17.045876	240.0	240.0	935999	-1.0086945	1.0433128	0.15408468	-6.6663914	0.99396837	0.0041227834	4213.626734256744
235	-8.5607195	1.4737474	-5.919936	-11.125395	-7.304413	1.7901937	-4.579894	-10.610446	240.0	240.0	939999	-1.0156382	1.0495757	0.1172719	-6.2135	1.0012208	0.0036959357	4231.899578809738
236	-8.279498	1.6021463	-6.230536	-11.95709	-6.748	2.0066872	-4.22226	-11.252531	240.0	240.0	943999	-1.0237923	1.0575318	0.35668087	-6.523469	1.0095686	0.0040220995	4249.952018976212
237	-8.874304	1.5714628	-6.3567657	-11.744493	-6.8240876	1.1049992	-5.2189007	-9.174545	240.0	240.0	947999	-1.0259831	1.0640208	0.48439074	-6.3227696	1.0112748	0.0039097914	4267.889860153198
238	-8.378415	1.5233448	-5.602917	-11.594197	-7.5058923	1.6596009	-5.2326703	-9.908536	240.0	240.0	951999	-1.0248891	1.0715256	0.41208315	-6.611547	1.0103005	0.0041900473	4285.50967168808
239	-7.9405465	1.6992515	-5.2839255	-12.043847	-6.354628	1.8311172	-3.6837983	-10.30044	240.0	240.0	955999	-1.0213013	1.0768306	0.41591406	-6.409152	1.0065793	0.003814838	4303.488485097885
240	-8.69746	1.5863045	-5.468822	-11.354665	-6.5498123	1.1664479	-4.423126	-8.913723	240.0	240.0	959999	-1.0173312	1.0725447	1.5013986	-6.2028947	1.0028707	0.004196728	4322.26540350914
241	-8.16501	1.6411939	-5.6343675	-11.938799	-7.0193696	0.98551494	-4.963138	-8.101294	240.0	240.0	963999	-1.0152185	1.0624789	2.9510083	-6.6578984	1.0004793	0.004353505	4340.3450384140015
242	-7.9419	1.2830347	-5.746077	-11.1955	-7.116969	1.7927904	-4.1160045	-11.103259	240.0	240.0	967999	-1.009387	1.0552952	3.7065072	-6.7080975	0.9943211	0.003935491	4358.312071800232
243	-8.396576	1.3993198	-5.2471123	-10.513936	-6.5412607	1.5344502	-4.422908	-9.446599	240.0	240.0	971999	-0.9969051	1.0495046	0.7871752	-6.8374796	0.9816476	0.0036648847	4376.602361679077
244	-8.215242	1.6151356	-5.8840647	-11.825445	-5.5056524	1.3967694	-4.1319647	-8.074643	240.0	240.0	975999	-0.98627913	1.0555627	0.3857751	-6.8765955	0.97071046	0.0037260489	4394.632905483246
245	-8.067121	1.7458743	-5.381616	-11.30925	-6.7126837	1.4075947	-4.4493647	-8.697706	240.0	240.0	979999	-0.9733942	1.0693302	0.40669727	-6.921175	0.9579027	0.0036334614	4412.560518741608
246	-7.997395	2.0445173	-5.3198843	-13.516864	-6.9913607	2.3313017	-5.10487	-12.653742	240.0	240.0	983999	-0.96996117	1.0749701	0.69037676	-7.0397043	0.9549727	0.0036102638	4430.8272960186005
247	-7.889483	1.7071023	-5.953108	-12.95042	-6.327498	1.5266838	-4.777657	-9.492561	240.0	240.0	987999	-0.967875	1.0728958	0.72519684	-6.7040567	0.95276755	0.0036472203	4448.776136398315
248	-7.744803	1.839838	-5.5724463	-11.534526	-7.098359	2.7274477	-4.1757655	-13.856526	240.0	240.0	991999	-0.96843845	1.0705274	0.71805286	-6.3282843	0.9535326	0.0037917255	4466.708869218826
249	-9.476109	3.0207064	-5.8593245	-16.882484	-7.617218	1.6001024	-5.214082	-10.357447	240.0	240.0	995999	-0.9629897	1.0667152	0.6701269	-6.6325397	0.9478414	0.004088522	4484.8448939323425
250	-9.296591	2.6790757	-5.4997196	-15.019223	-8.123655	3.2283707	-3.9552023	-14.75565	240.0	240.0	999999	-0.9618182	1.0690292	0.78114843	-6.923461	0.94680625	0.0032849137	4503.581099748611
251	-8.2906885	1.8130306	-5.377792	-11.967479	-7.368205	1.0016574	-4.7009745	-8.205879	240.0	240.0	1003999	-0.955237	1.0647244	0.66797113	-6.682441	0.9400782	0.0033287092	4521.333162307739
252	-7.971695	1.624696	-5.6115437	-11.2340555	-6.9224944	2.384292	-3.8822956	-11.222893	240.0	240.0	1007999	-0.9527118	1.0554224	1.1147709	-7.048656	0.9380308	0.0034932822	4539.278888940811
253	-9.345419	1.8112721	-5.5778823	-12.435106	-8.589598	1.4823447	-7.2724776	-11.66352	240.0	240.0	1011999	-0.9444676	1.0508438	1.1115246	-8.084781	0.93004423	0.0038396248	4557.294745922089
254	-8.623309	1.8510048	-5.1947346	-11.730745	-7.0351324	1.8197441	-4.622923	-10.390278	240.0	240.0	1015999	-0.9386397	1.0476933	0.33172512	-7.497794	0.924484	0.003317155	4575.294133901596
255	-8.052966	1.8356768	-5.8056536	-11.459168	-7.1413193	1.3016887	-5.3652053	-9.608846	240.0	240.0	1019999	-0.93170923	1.0457511	0.28333092	-6.558263	0.917444	0.0030471883	4593.616104841232
256	-8.216974	1.9786801	-5.3333693	-12.267773	-7.10121	1.5220851	-5.265905	-9.930092	240.0	240.0	1023999	-0.9212821	1.0323114	0.7866397	-5.910862	0.90701216	0.0033735642	4611.65231013298
257	-8.755184	2.5564668	-5.549918	-13.7087145	-7.4017677	1.3135916	-4.9799786	-9.564225	240.0	240.0	1027999	-0.91530126	1.0234405	1.4381132	-5.906226	0.9011455	0.0029659928	4629.440338611603
258	-8.2096195	1.6894243	-5.629733	-11.785361	-6.8739257	1.417061	-5.084338	-9.38314	240.0	240.0	1031999	-0.90640664	1.0155195	1.3183751	-6.1638384	0.89244604	0.0031227814	4647.638186454773
259	-8.66676	1.8380926	-5.342492	-11.574708	-5.7999544	1.7163395	-3.8961892	-9.089006	240.0	240.0	1035999	-0.9001322	1.0144562	0.32835054	-6.181408	0.8862766	0.0026713724	4665.707638263702
260	-7.139333	1.9202967	-5.0003586	-13.348388	-7.696157	2.3058226	-4.6361074	-12.024734	240.0	240.0	1039999	-0.8921154	1.0223329	0.48521137	-6.565413	0.877849	0.0036120692	4684.065465211868
261	-8.962528	2.2833235	-5.2215123	-14.359838	-7.212602	3.0874126	-3.8091574	-13.955237	240.0	240.0	1043999	-0.87850857	1.0255463	0.2916746	-6.1442585	0.8643157	0.0032388754	4702.062258243561
262	-9.116237	1.5025904	-6.669418	-11.816846	-8.946284	1.6539634	-5.2093983	-11.740409	240.0	240.0	1047999	-0.86679065	1.0180173	1.0343695	-6.1312723	0.85271484	0.0030379852	4720.280170440674
263	-9.031776	2.138738	-5.9953604	-12.434984	-7.709529	1.6536702	-5.1376686	-9.931549	240.0	240.0	1051999	-0.8610908	1.0130683	1.9192505	-6.6951914	0.8470801	0.002797276	4738.267930030823
264	-9.070022	2.233403	-5.9053974	-15.188154	-9.870337	3.5548203	-4.873238	-14.966973	240.0	240.0	1055999	-0.8576153	1.0120214	1.7244449	-6.9310117	0.8440034	0.0027598965	4756.2749309539795
265	-7.907129	1.530142	-5.8408074	-11.563092	-7.3444657	1.8325976	-4.458383	-10.472785	240.0	240.0	1059999	-0.8581793	1.0120889	0.32809496	-6.256158	0.8447422	0.002721673	4774.597197055817
266	-8.900014	2.3762245	-6.027132	-13.6528635	-8.325098	2.049862	-5.604143	-11.345381	240.0	240.0	1063999	-0.8583896	1.0068645	0.34593964	-6.4183187	0.84511757	0.0025612058	4792.373114347458
267	-9.175813	1.6696358	-6.609001	-13.886812	-7.112787	1.4496664	-4.949704	-9.407747	240.0	240.0	1067999	-0.8587016	1.0007612	0.31754684	-5.893681	0.8452971	0.0025884518	4810.225681781769
268	-8.412008	2.0662053	-5.846152	-13.386935	-6.3218737	0.64623165	-5.3127728	-7.3758745	240.0	240.0	1071999	-0.86335886	1.0014662	0.39166737	-6.3039675	0.8501859	0.0025712675	4828.2894694805145
269	-8.3038225	1.681984	-5.748983	-12.795321	-7.979791	1.5628871	-5.542929	-10.267796	240.0	240.0	1075999	-0.85764813	1.0068793	0.39948702	-6.8634567	0.8439379	0.0025943648	4846.251070976257
270	-9.409017	2.5087707	-6.8511744	-16.731895	-8.901928	1.5002834	-6.137556	-10.825454	240.0	240.0	1079999	-0.8410567	0.997277	0.86095095	-6.0342817	0.8271735	0.002643455	4864.829659700394
271	-8.475352	2.5734036	-5.7607555	-16.334795	-6.7676973	1.5671766	-4.0116825	-9.721196	240.0	240.0	1083999	-0.83124685	0.9977572	0.99728966	-6.3856916	0.8167765	0.002324122	4883.192771911621
272	-9.385171	3.0875502	-5.5559845	-19.112242	-6.499461	2.0883467	-4.4184513	-11.865761	240.0	240.0	1087999	-0.7992085	0.9920106	3.6068635	-6.1632895	0.78347254	0.0025778967	4901.125369787216
273	-7.7457256	1.6465906	-5.5163603	-12.335658	-7.930547	3.365155	-4.098489	-16.11875	240.0	240.0	1091999	-0.7708272	0.9921213	2.0603848	-6.019875	0.75503635	0.002337908	4919.170394897461
274	-8.548749	1.6885809	-5.7228036	-11.327013	-13.897573	8.046292	-3.985509	-23.973661	240.0	240.0	1095999	-0.7525384	0.9897087	1.6562767	-6.024224	0.73747706	0.0024440747	4937.464538097382
275	-10.091434	4.044661	-6.141045	-24.520845	-6.664	2.7151759	-4.2298203	-13.975687	240.0	240.0	1099999	-0.74761266	1.0009344	1.5299592	-5.9608836	0.73328584	0.002267107	4955.409072399139
276	-8.699841	2.9713104	-6.001613	-16.669031	-8.10739	1.4766924	-4.8404922	-10.018593	240.0	240.0	1103999	-0.73804265	1.0084714	1.5834637	-5.8120723	0.7230332	0.0022417407	4973.097891807556
277	-8.926943	2.3971167	-6.4180665	-14.595591	-7.3715563	1.8184438	-4.9790916	-10.049378	240.0	240.0	1107999	-0.71537656	1.0245321	1.2020655	-5.9154882	0.7000857	0.002295086	4991.340544700623
278	-8.617013	1.7875068	-6.6064653	-12.6652	-7.122821	1.2965932	-4.4938426	-8.892438	240.0	240.0	1111999	-0.70314354	1.025552	1.141581	-6.614686	0.6887182	0.0022943113	5009.380664110184
279	-8.415206	1.8223283	-5.886682	-11.739422	-7.3755555	1.1648393	-5.5890937	-10.051037	240.0	240.0	1115999	-0.7063591	1.0176932	1.6891432	-5.7585583	0.69255555	0.002141023	5027.3154373168945
280	-8.421391	2.3412204	-6.2415156	-15.157534	-6.964522	1.2434393	-5.5565352	-9.023548	240.0	240.0	1119999	-0.71511227	1.0002593	1.5510406	-5.8920317	0.7010973	0.0020505567	5046.301984071732
281	-8.55444	2.0280833	-6.1011558	-12.71122	-6.996142	1.6822605	-4.6888022	-10.141789	240.0	240.0	1123999	-0.71340007	0.9838296	2.8654475	-7.1318884	0.6992137	0.0023654727	5064.056179523468
282	-8.159221	1.3431633	-6.2135253	-10.404962	-7.899269	1.5064338	-5.5514216	-9.945636	240.0	240.0	1127999	-0.71644914	0.98013425	2.85492	-6.151312	0.7024481	0.002115636	5081.8378846645355
283	-8.672261	1.9412861	-5.8728247	-11.667512	-5.7517476	1.2530707	-4.3553123	-7.97876	240.0	240.0	1131999	-0.72003716	0.98356754	3.0697684	-6.1084595	0.70596254	0.0020289721	5100.054270744324
284	-8.662592	1.7923083	-5.1662927	-11.661394	-7.1274443	1.9049926	-4.020855	-11.45122	240.0	240.0	1135999	-0.71882516	0.9860198	3.5197735	-6.290906	0.70448476	0.0016967478	5117.927174329758
285	-8.680377	1.7867712	-5.8768773	-13.093252	-8.337299	3.405844	-5.0167885	-17.344223	240.0	240.0	1139999	-0.71158385	0.98709494	6.427385	-6.099384	0.6968325	0.0018978403	5135.887613296509
286	-9.743572	3.3421798	-5.6739187	-18.666748	-7.2326937	1.8022693	-4.960583	-10.539477	240.0	240.0	1143999	-0.6976378	0.9891432	7.4168334	-6.5492477	0.6826084	0.0018510263	5153.909715414047
287	-7.8785205	1.5276394	-6.1139083	-11.193388	-7.9831414	1.1377106	-5.73977	-10.107835	240.0	240.0	1147999	-0.6760786	0.99239904	6.044883	-8.058973	0.66046596	0.0020025177	5171.840734958649
288	-8.991935	2.2572622	-6.196751	-13.967877	-8.263723	4.7474174	-4.539363	-21.6125	240.0	240.0	1151999	-0.659003	1.0012544	6.8937783	-5.9851403	0.6437915	0.0018836774	5189.980743169785
289	-9.426703	2.6673863	-5.651448	-16.001196	-7.7965407	2.0775275	-5.3571563	-11.552169	240.0	240.0	1155999	-0.64932275	1.0007439	9.134369	-6.2462425	0.634338	0.0019002742	5208.182018995285
290	-9.081951	2.8359008	-6.47723	-16.978422	-7.1622458	1.269011	-5.3239856	-8.468255	240.0	240.0	1159999	-0.64911306	0.99742347	11.123536	-5.896107	0.63460535	0.0017918972	5227.025998353958
291	-12.656298	8.9905	-6.19749	-35.645473	-24.074558	16.385197	-4.4755716	-40.689247	240.0	240.0	1163999	-0.650168	0.9921491	20.903376	-6.8532195	0.63509446	0.0044316137	5244.685925245285
292	-16.48051	11.748711	-5.717371	-37.267124	-32.068737	12.980326	-6.4795084	-41.513996	240.0	240.0	1167999	-0.5722668	0.96042603	17.833366	-6.7881603	0.54104537	0.006192441	5263.017373561859
293	-22.311289	9.446565	-8.735694	-37.693775	-16.528969	4.8692307	-6.3030586	-23.889309	240.0	240.0	1171999	0.06532349	1.8000629	16.801825	-6.773854	-0.13984942	0.017385658	5281.050165891647
294	-22.63487	6.6961107	-15.084873	-42.14146	-27.241657	8.852282	-17.679718	-43.600956	240.0	240.0	1175999	0.8278656	2.4875908	14.724769	-8.699208	-0.9209887	0.026694205	5298.852643966675
295	-29.173569	6.382629	-18.310219	-40.8342	-34.021473	4.587186	-29.375792	-43.689533	240.0	240.0	1179999	2.0216553	3.098714	14.2564945	-8.708423	-2.1689918	0.057980713	5317.024649143219
296	-28.990906	7.559218	-18.189716	-42.693905	-20.661287	3.9510348	-15.243028	-27.13663	240.0	240.0	1183999	4.038923	4.330424	14.830243	-8.989588	-4.2336955	0.17203403	5334.964449644089
297	-20.22531	5.1344833	-10.406517	-30.13545	-22.548193	6.6706257	-7.6698275	-30.462774	240.0	240.0	1187999	5.2246943	4.791111	13.836752	-8.274849	-5.3499618	0.24704532	5352.712337017059
298	-23.898415	2.5925763	-19.364403	-29.451862	-21.539997	3.980853	-15.595227	-27.08275	240.0	240.0	1191999	5.1699038	4.517162	13.982504	-7.754907	-5.2682242	0.21108808	5370.675213336945
299	-20.179144	3.8296678	-13.179079	-26.718271	-19.80479	4.642892	-14.114286	-26.466427	240.0	240.0	1195999	4.972553	4.225329	14.691925	-7.981752	-5.066548	0.18680264	5388.63062620163
300	-25.19107	4.156942	-18.453457	-33.96661	-24.33598	10.349904	-10.201029	-36.106308	240.0	240.0	1199999	4.833874	4.0127845	16.433197	-9.049407	-4.9415674	0.1879063	5407.505213022232
301	-23.26231	5.01423	-14.377352	-33.72096	-26.18195	8.454327	-12.762631	-37.4128	240.0	240.0	1203999	4.906161	3.9401522	16.95644	-8.99935	-5.020902	0.18828753	5425.699093580246
302	-25.295624	6.9152923	-16.061981	-37.019867	-23.10272	3.6495988	-17.59296	-27.499891	240.0	240.0	1207999	5.199241	3.4700978	16.52764	-8.489913	-5.3212976	0.20099759	5443.577167749405
303	-23.926537	5.6179104	-12.516528	-32.784336	-20.257196	6.649425	-9.950356	-30.334854	240.0	240.0	1211999	5.178011	2.9354382	14.361786	-7.140655	-5.2673407	0.16371875	5461.593247413635
304	-21.667316	4.016991	-13.6818285	-28.669214	-19.108849	1.9894937	-15.686064	-22.213596	240.0	240.0	1215999	4.487005	2.6385453	12.218231	-7.4292774	-4.553527	0.1202415	5479.706109285355
305	-18.561	3.9075935	-12.099462	-28.41324	-17.878935	5.5244384	-8.639596	-25.09137	240.0	240.0	1219999	3.8960598	2.1824458	10.550522	-6.132613	-3.9547367	0.090172745	5497.364230871201
306	-15.914653	3.6588304	-9.199733	-23.785225	-16.066746	3.0735939	-11.558269	-20.542078	240.0	240.0	1223999	3.2361722	1.8940547	8.898376	-6.6976337	-3.2864068	0.066632815	5515.301152229309
307	-18.46604	3.6373987	-11.911	-25.679787	-16.106892	4.842295	-7.05891	-22.397556	240.0	240.0	1227999	2.6444094	1.6538916	7.7078915	-6.722989	-2.689757	0.048339024	5533.565531730652
308	-16.690577	3.6336653	-10.06535	-24.575415	-13.313329	4.1986566	-6.1137547	-18.319483	240.0	240.0	1231999	2.1168325	1.4981354	6.660863	-6.742389	-2.154648	0.034252416	5551.466012001038
309	-16.107931	3.6744847	-10.394443	-23.943918	-16.318378	5.6849475	-8.558765	-25.285683	240.0	240.0	1235999	1.6292096	1.4098815	5.284606	-8.024103	-1.6608497	0.025762565	5569.381883621216
310	-16.587366	2.5923972	-11.022669	-20.671936	-16.166512	2.6861923	-10.297731	-20.973135	240.0	240.0	1239999	1.1534793	1.3054634	5.2134857	-6.8370194	-1.1788491	0.016552731	5588.411926984787
311	-15.990405	3.0657785	-11.835889	-23.653282	-13.081436	2.223379	-8.759398	-16.593708	240.0	240.0	1243999	0.7006277	1.1809852	4.219021	-8.641522	-0.7214767	0.01111047	5606.824670553207
312	-13.510575	3.4102259	-6.7371726	-20.398958	-11.811476	2.2771025	-8.174219	-15.634058	240.0	240.0	1247999	0.3022756	1.1315584	5.197982	-8.932323	-0.32160202	0.0069017904	5625.226275920868
313	-12.622502	2.5349655	-7.867207	-17.68365	-12.244886	3.597361	-6.2236257	-17.578629	240.0	240.0	1251999	0.02572184	1.1111449	6.26032	-6.7486453	-0.045857813	0.00546178	5644.0323984622955
314	-13.046804	5.1258903	-7.334551	-23.261318	-9.546097	3.842899	-5.622318	-18.302618	240.0	240.0	1255999	-0.1559988	1.0555841	7.838806	-7.3308773	0.13527988	0.0047664633	5662.567759513855
315	-12.774322	3.4970398	-8.358761	-19.376837	-11.234224	3.6456168	-5.444163	-17.780748	240.0	240.0	1259999	-0.29295042	1.027796	12.195692	-6.7307854	0.27137816	0.004241328	5681.651285171509
316	-16.821323	6.0156097	-6.393668	-26.89134	-12.74597	7.908143	-6.197501	-28.55493	240.0	240.0	1263999	-0.3721149	1.0633552	11.74257	-6.6352987	0.3459815	0.0044113398	5700.642336368561
317	-17.833403	6.530621	-9.894799	-31.411165	-14.5353985	6.882025	-7.4410048	-32.010532	240.0	240.0	1267999	-0.3632147	1.2692184	14.397076	-7.5389395	0.32868543	0.0050185327	5719.2685606479645
