Epoch	AverageEpRet	StdEpRet	MaxEpRet	MinEpRet	AverageTestEpRet	StdTestEpRet	MaxTestEpRet	MinTestEpRet	EpLen	TestEpLen	TotalEnvInteracts	AverageQVals	StdQVals	MaxQVals	MinQVals	LossPi	LossQ	Time
1	-26.862608	4.69824	-19.94112	-35.910328	-15.502195	3.564547	-11.392607	-22.722692	120.0	120.0	3999	-0.86028284	0.6065073	1.2719264	-3.165328	0.7626933	0.0029831587	12.643022060394287
2	-25.705353	4.713974	-16.346264	-35.58483	-16.2495	3.8493898	-9.236948	-22.388117	120.0	120.0	7999	-1.8605146	0.9566265	0.7221889	-5.423836	1.7079288	0.00630066	28.737364292144775
3	-21.902416	8.540444	-6.327535	-36.08082	-13.778046	3.6402645	-5.869606	-18.98096	120.0	120.0	11999	-2.0523217	1.2573823	4.904157	-6.043691	1.8818535	0.009355672	45.404635429382324
4	-14.707318	3.7477362	-8.422519	-23.11253	-14.291662	3.6787	-9.648312	-21.806585	120.0	120.0	15999	-1.9203788	1.3775204	1.4291891	-6.866174	1.7881756	0.010206654	62.423311710357666
5	-13.716199	5.1933565	-6.612504	-26.10188	-12.018471	5.796236	-7.345171	-26.484703	120.0	120.0	19999	-1.9008566	1.3642778	2.4726117	-7.0726666	1.7815217	0.012654512	80.09294748306274
6	-12.554971	5.0036373	-7.907157	-28.014133	-11.588703	6.814963	-5.779469	-23.140873	120.0	120.0	23999	-1.7700005	1.4269931	2.1637974	-7.3993244	1.6560851	0.013854465	97.15863013267517
7	-15.656967	6.787711	-7.5513587	-29.216063	-9.739765	4.4394693	-6.081497	-21.976118	120.0	120.0	27999	-1.7054554	1.3998433	1.4444281	-7.6873736	1.6036538	0.014250023	114.3339159488678
8	-13.72035	4.6721096	-7.5483513	-26.96659	-10.991311	3.2643435	-6.404842	-18.41317	120.0	120.0	31999	-1.8532825	1.4672469	0.80675113	-7.5422583	1.7636936	0.017527243	131.7787709236145
9	-12.365483	5.368899	-5.653586	-28.257755	-10.416761	5.148384	-5.477446	-21.392843	120.0	120.0	35999	-1.9422069	1.5055238	0.7778542	-8.049956	1.8547095	0.018939964	148.77882385253906
10	-10.365829	3.3889024	-5.4018774	-18.432547	-8.144822	2.754467	-5.1802077	-13.78748	120.0	120.0	39999	-1.8981236	1.4984518	1.6100821	-7.9331965	1.8098422	0.019801924	166.32934761047363
11	-10.549798	4.281709	-5.734147	-23.883305	-14.184374	7.8828325	-6.1336246	-28.115057	120.0	120.0	43999	-1.7419933	1.4565465	2.3325145	-7.1245203	1.6541284	0.01728538	183.51440000534058
12	-15.439586	7.21015	-6.0160913	-30.412346	-8.582125	2.718108	-5.7405887	-15.761439	120.0	120.0	47999	-1.6330538	1.444621	2.695463	-7.4030504	1.5517548	0.016644552	200.30844140052795
13	-13.15362	5.6135664	-6.0767937	-30.22817	-11.757376	5.4035583	-6.089465	-26.053526	120.0	120.0	51999	-1.6492566	1.4543264	1.9587241	-7.227515	1.5672199	0.018425144	217.76762318611145
14	-11.632609	2.9913867	-6.458633	-19.692755	-10.2243595	4.369051	-5.241788	-18.565851	120.0	120.0	55999	-1.6274801	1.5173693	1.8599461	-7.3329782	1.5489359	0.020261819	234.75598669052124
15	-10.790703	4.3186903	-5.945485	-22.053335	-7.9804697	1.3676978	-5.564404	-9.758491	120.0	120.0	59999	-1.6526138	1.4494973	1.4317917	-7.460881	1.5798067	0.019490242	251.89068055152893
16	-11.058465	4.4107833	-5.9314833	-23.024021	-7.2406282	1.920164	-3.9934454	-10.241812	120.0	120.0	63999	-1.7088317	1.4578327	1.0634134	-7.367632	1.6375035	0.021284577	269.4082148075104
17	-9.260297	2.6312325	-4.818285	-17.753878	-7.138337	1.4476495	-5.465238	-10.028811	120.0	120.0	67999	-1.6932582	1.4854665	2.1476276	-7.4237046	1.6238341	0.021225944	286.41962480545044
18	-10.123891	3.254019	-5.3038616	-21.606052	-7.020739	1.6009841	-4.4306026	-9.312552	120.0	120.0	71999	-1.7089511	1.423378	0.54681146	-7.169486	1.6437621	0.02087968	304.05470037460327
19	-9.910175	5.2206874	-5.094827	-33.085197	-9.817641	3.3032997	-3.9784405	-15.941324	120.0	120.0	75999	-1.7334342	1.3771604	1.1482573	-7.377947	1.6699556	0.019838752	321.3271715641022
20	-11.343196	6.831994	-5.2133346	-28.250927	-7.4459863	2.1380317	-4.6161776	-11.09914	120.0	120.0	79999	-1.742618	1.4241843	1.1112283	-7.082501	1.677576	0.020612909	338.5021731853485
21	-10.260456	4.294175	-5.3295	-25.18323	-8.697374	3.5214553	-5.0706005	-18.428759	120.0	120.0	83999	-1.7023959	1.4281259	1.3013701	-7.207699	1.6399373	0.019971076	355.64466285705566
22	-10.603221	4.840101	-5.7597494	-26.031979	-6.583684	2.0593781	-4.20419	-9.712571	120.0	120.0	87999	-1.6500621	1.4259247	1.7776122	-7.39603	1.5855061	0.019627525	372.45769119262695
23	-9.823079	4.7022552	-5.5154176	-29.889738	-10.021352	5.078256	-4.298969	-18.2985	120.0	120.0	91999	-1.5869672	1.4366801	3.0630221	-7.3799524	1.5243676	0.017444236	389.25105714797974
24	-11.695777	4.730478	-5.977501	-21.9438	-8.416738	4.727352	-3.838719	-19.60146	120.0	120.0	95999	-1.5411903	1.3860295	1.6241636	-7.610368	1.480594	0.017086323	406.6038854122162
25	-10.252712	4.1211786	-4.9951897	-19.648457	-9.928438	6.754514	-5.0879188	-26.675257	120.0	120.0	99999	-1.5711969	1.3368809	1.8423762	-7.056884	1.5137573	0.01687064	423.47711539268494
26	-8.766898	3.4127393	-5.5599546	-20.133266	-7.25897	5.1969914	-4.422846	-22.634026	120.0	120.0	103999	-1.6279418	1.3710325	1.8285094	-7.0614142	1.5751158	0.018767625	440.4987213611603
27	-8.255229	3.2789195	-5.1566067	-24.048244	-6.1856627	1.3191371	-4.267441	-7.902568	120.0	120.0	107999	-1.6645296	1.3953758	1.4089848	-7.237964	1.6101199	0.019906994	457.3644061088562
28	-8.954733	2.3503003	-5.7697487	-14.461256	-8.99148	2.2681823	-5.1323915	-12.409798	120.0	120.0	111999	-1.6210083	1.4651135	1.560804	-7.746648	1.5633472	0.020500403	473.827933549881
29	-7.896807	1.6234133	-4.8701005	-10.902734	-7.830832	4.217289	-3.902118	-16.10787	120.0	120.0	115999	-1.5217575	1.5406924	1.4393393	-7.476483	1.4643831	0.019883549	491.17950344085693
30	-7.9343934	3.8829186	-5.110934	-27.148281	-9.404206	5.691769	-4.2896595	-25.813938	120.0	120.0	119999	-1.4538784	1.4373821	0.9814284	-7.215621	1.3983371	0.017680937	508.2830636501312
31	-8.143688	1.9667674	-5.54415	-15.537637	-6.06213	1.8999697	-4.3715706	-10.857883	120.0	120.0	123999	-1.489668	1.3879385	0.76223326	-7.153659	1.4401977	0.016850913	524.9271330833435
32	-8.536963	1.6847097	-5.84203	-12.150119	-6.116784	1.5507478	-3.9951644	-8.135735	120.0	120.0	127999	-1.5317756	1.3892502	0.82276416	-7.0038877	1.4815491	0.016782664	542.2566633224487
33	-7.9609823	2.202016	-5.824182	-15.656561	-5.363839	0.85291755	-4.1343966	-7.082873	120.0	120.0	131999	-1.513269	1.3704498	0.8376154	-7.8696136	1.4633123	0.017149813	559.1099135875702
34	-8.866409	5.183408	-4.8652325	-28.64173	-7.4283752	2.2874644	-4.1120205	-11.194024	120.0	120.0	135999	-1.5029078	1.3616827	1.3687986	-7.488637	1.4541311	0.016635906	576.2710461616516
35	-9.470646	4.644959	-4.9262414	-28.01666	-9.961454	6.687491	-3.8793483	-26.39527	120.0	120.0	139999	-1.4627705	1.3886659	3.0090566	-6.9584746	1.408429	0.015940318	593.0154008865356
36	-9.84195	3.0329652	-5.328893	-16.67315	-6.6521935	1.7924155	-4.909315	-10.332586	120.0	120.0	143999	-1.2169607	1.6783988	3.6646	-7.159315	1.1544441	0.02037043	609.7057836055756
37	-7.6863475	1.4705793	-5.374745	-11.371617	-6.3209825	1.6899725	-3.741495	-9.081197	120.0	120.0	147999	-1.1436324	1.622196	2.6393838	-7.440508	1.0912637	0.018849907	626.9869973659515
38	-8.183405	1.9566866	-5.5263247	-14.521028	-6.5928946	1.7653904	-4.179214	-10.310319	120.0	120.0	151999	-1.2128458	1.5053804	1.9654979	-7.5944095	1.1643709	0.016393935	643.6619153022766
39	-7.276692	1.712926	-5.1230636	-12.483654	-6.4160805	1.8223913	-4.361634	-9.400331	120.0	120.0	155999	-1.2716733	1.42357	1.3938706	-7.3728843	1.224594	0.015174818	660.3609774112701
40	-7.6156363	1.6939558	-5.1287284	-10.467295	-7.539768	3.7864225	-3.8010068	-14.126922	120.0	120.0	159999	-1.3170766	1.354369	0.5976181	-7.098648	1.2716836	0.013670881	677.9328191280365
41	-8.032	2.0202935	-5.283235	-12.8394165	-6.0764313	1.2010787	-4.078278	-7.8121347	120.0	120.0	163999	-1.3329835	1.3592876	1.4419276	-7.3801126	1.2861819	0.015087237	694.6560683250427
42	-8.271304	2.2249153	-5.191677	-16.39014	-6.0506563	1.5048996	-3.9482968	-8.417363	120.0	120.0	167999	-1.3540443	1.3847067	0.55187523	-7.367689	1.3108181	0.014028045	711.6265544891357
43	-7.2969084	1.599082	-5.0283055	-12.300132	-6.1421413	1.3384856	-4.2118397	-8.293568	120.0	120.0	171999	-1.3609669	1.3947015	1.5157946	-7.4434166	1.3179759	0.014809115	728.4207971096039
44	-7.044063	1.484411	-5.0601797	-10.060146	-5.704043	1.6640555	-3.979254	-8.8505945	120.0	120.0	175999	-1.3724816	1.3609722	0.8572868	-7.3121157	1.3307273	0.014782596	744.872968673706
45	-7.2366443	1.6106883	-4.7390423	-11.190236	-5.4587684	1.5247326	-3.8369436	-8.215686	120.0	120.0	179999	-1.3939886	1.3569338	1.1084431	-7.219375	1.3526305	0.014910263	762.123486995697
46	-7.9281006	2.2030969	-5.1064243	-15.094662	-7.785113	2.951777	-4.133581	-12.3714	120.0	120.0	183999	-1.3671623	1.3777707	1.2244315	-7.2853527	1.3241419	0.015777132	778.8370532989502
47	-7.614635	1.7922854	-5.198407	-13.226487	-5.4928436	1.0806911	-3.9808793	-7.3473577	120.0	120.0	187999	-1.3255649	1.384485	1.1602836	-7.4030504	1.2827775	0.013862995	795.5629692077637
48	-8.711067	3.0591996	-5.565544	-17.21327	-6.0138335	1.2055957	-4.019658	-7.870558	120.0	120.0	191999	-1.3046964	1.3339577	1.7831155	-7.0859566	1.2633052	0.013355274	813.0657780170441
49	-8.195874	2.1624706	-5.2543435	-14.687463	-6.7128463	3.0720139	-4.100445	-14.495148	120.0	120.0	195999	-1.3233542	1.3111501	1.1021248	-7.070149	1.282581	0.014394109	829.9137890338898
50	-8.437667	2.1866322	-4.86504	-12.857024	-5.270935	1.6822257	-3.5981297	-8.611028	120.0	120.0	199999	-1.2969792	1.316698	0.9558455	-6.86526	1.253699	0.014256235	847.5418126583099
51	-7.9009285	2.7902586	-5.5033307	-20.455025	-7.7091775	4.072361	-4.3117137	-19.232279	120.0	120.0	203999	-1.2762027	1.303331	0.5431751	-7.292303	1.2351415	0.012805893	864.2752139568329
52	-9.177376	3.8936431	-5.177494	-20.195877	-11.208545	8.126107	-3.7869937	-26.351288	120.0	120.0	207999	-1.289429	1.2943696	0.37760746	-7.319257	1.2496347	0.013214031	880.9869358539581
53	-8.165968	2.030737	-5.220676	-14.668938	-6.0383773	1.3535495	-4.357493	-8.33611	120.0	120.0	211999	-1.313555	1.298518	0.21145976	-7.117178	1.2750793	0.013857477	898.0868055820465
54	-7.347908	1.5712777	-4.9592195	-9.883455	-6.084578	1.0699494	-4.8886914	-8.012256	120.0	120.0	215999	-1.3290725	1.3121358	0.91008615	-7.395112	1.2912583	0.013438267	914.8239936828613
55	-7.7270246	1.7270818	-5.1538987	-11.560589	-5.8745856	1.9311413	-4.105056	-10.350079	120.0	120.0	219999	-1.339512	1.3121811	0.284912	-7.51682	1.3021795	0.013437069	931.465122461319
56	-7.7533045	1.6117761	-5.550164	-11.339696	-6.7390223	1.2404455	-5.008421	-9.65846	120.0	120.0	223999	-1.3334181	1.2986432	0.46971643	-7.36712	1.2957107	0.012965919	948.74254322052
57	-7.9858894	1.8554521	-5.285174	-11.452517	-8.196274	2.2299368	-4.4360447	-11.414235	120.0	120.0	227999	-1.3102255	1.2624375	0.2646371	-7.275383	1.2714058	0.012910091	965.5621576309204
58	-7.8684072	1.8721404	-5.1951084	-11.818091	-6.3134637	1.4275076	-4.4889293	-8.769108	120.0	120.0	231999	-1.3179504	1.2791699	0.28932846	-7.334666	1.2813689	0.012371867	982.7732441425323
59	-7.8052006	1.8549486	-4.664517	-13.120812	-5.891909	1.1287019	-4.234095	-7.844876	120.0	120.0	235999	-1.3052162	1.2947774	0.41252923	-7.3305564	1.2667466	0.013038668	999.46142411232
60	-9.372415	4.147846	-5.603839	-19.517616	-6.101081	1.335944	-4.404625	-8.317281	120.0	120.0	239999	-1.2368342	1.3405205	1.1366005	-7.2707458	1.1948681	0.011702318	1016.3176023960114
61	-7.1014695	1.4943619	-5.3195763	-11.085558	-6.192241	1.1501113	-4.9473157	-7.7779737	120.0	120.0	243999	-1.2094557	1.3435585	1.0789393	-7.4248905	1.1718856	0.013199913	1033.6655588150024
62	-7.555921	1.3770493	-5.4237833	-10.273469	-6.447642	1.6692377	-4.5026608	-9.860286	120.0	120.0	247999	-1.2073207	1.3140644	0.77560914	-7.286841	1.1707885	0.011939422	1050.498670578003
63	-7.1054015	1.2629999	-5.5051274	-9.922583	-6.216361	1.6130421	-3.928753	-8.981689	120.0	120.0	251999	-1.228472	1.3049769	0.4635576	-7.4374237	1.1924751	0.012056639	1067.2465813159943
64	-7.374295	1.3486423	-5.065338	-10.138785	-6.1205664	0.80185366	-4.862242	-7.267708	120.0	120.0	255999	-1.2444769	1.2977705	0.74579465	-7.473165	1.208962	0.011740754	1084.572699546814
65	-7.5841656	1.4704074	-5.3512025	-10.180944	-6.420565	1.8126813	-3.5780215	-9.184458	120.0	120.0	259999	-1.2457612	1.2923949	0.79165745	-7.399334	1.2098149	0.011395819	1101.445088148117
66	-7.1197453	1.3740184	-5.156081	-10.792153	-6.117746	1.7224222	-3.980094	-8.659294	120.0	120.0	263999	-1.2435358	1.262962	0.9761548	-6.9957523	1.2085252	0.011459572	1118.9081783294678
67	-7.001173	1.3595896	-4.7244086	-10.21826	-6.658287	1.385714	-4.3407755	-9.041503	120.0	120.0	267999	-1.2469746	1.2500474	0.98504496	-7.1413183	1.2110628	0.01124762	1135.793862104416
68	-7.800418	1.7015214	-5.1784515	-12.060567	-5.0141172	0.98585236	-3.3881655	-6.7267275	120.0	120.0	271999	-1.2293482	1.2426652	1.5651042	-7.139754	1.193515	0.010040276	1152.6083204746246
69	-7.2333713	1.8865687	-5.0704284	-13.939887	-9.077816	3.3528686	-4.7361245	-14.676709	120.0	120.0	275999	-1.240867	1.2731391	1.7329865	-7.285417	1.2069498	0.010736044	1169.9441103935242
70	-8.904579	3.238016	-5.538864	-19.376837	-6.8718634	1.4694318	-4.152521	-9.007305	120.0	120.0	279999	-1.2257882	1.26767	1.2660146	-7.66593	1.1901244	0.010794548	1187.015698671341
71	-8.441091	2.81185	-5.2299027	-16.871815	-6.733287	1.5103992	-5.084154	-10.080301	120.0	120.0	283999	-1.2234054	1.2622662	1.4086897	-7.662431	1.188625	0.01128891	1203.8436651229858
72	-8.177177	1.4631169	-5.291194	-11.352037	-5.4858036	1.1661246	-3.9924762	-7.73437	120.0	120.0	287999	-1.2243319	1.258831	0.9155066	-7.328772	1.1898155	0.011063026	1221.217488527298
73	-7.369795	1.465515	-5.057134	-10.572392	-6.6971335	1.0651091	-4.8973384	-8.147769	120.0	120.0	291999	-1.2138721	1.2600152	1.1248994	-8.256874	1.1785951	0.011239981	1238.1705498695374
74	-7.705661	1.9615725	-5.1439857	-13.797089	-7.5772133	2.8484328	-3.699713	-12.496692	120.0	120.0	295999	-1.2160764	1.2506315	0.12709403	-7.4627013	1.1828105	0.011128025	1255.0004103183746
75	-8.065036	2.1638563	-5.0387177	-14.168261	-7.0056868	2.9828446	-3.755976	-12.930038	120.0	120.0	299999	-1.2231337	1.2704079	1.3746676	-7.159419	1.1886392	0.011374783	1272.1069059371948
76	-7.871217	1.9105111	-5.398455	-13.637581	-6.769052	3.2417684	-3.6803367	-13.842111	120.0	120.0	303999	-1.1668125	1.2943065	0.7775209	-7.376489	1.1314436	0.011755854	1288.680587530136
77	-7.3890305	1.4298474	-4.9772353	-11.103923	-5.10719	1.389047	-3.6363611	-7.7824845	120.0	120.0	307999	-1.1686525	1.2857832	0.93317866	-8.012967	1.1349118	0.010403695	1305.9638948440552
78	-7.2223587	1.4567333	-4.993437	-10.243461	-6.067318	1.6594412	-4.2549076	-9.834457	120.0	120.0	311999	-1.1678605	1.2493554	0.4082687	-7.0072536	1.134768	0.0111690285	1322.8502390384674
79	-7.64603	1.5085285	-5.2152324	-10.58475	-5.539355	0.9684938	-3.7761898	-6.7166953	120.0	120.0	315999	-1.186889	1.2573638	0.48200846	-7.5382094	1.1549554	0.010280331	1339.8812527656555
80	-7.057762	1.7490978	-4.553286	-11.019143	-5.255349	1.2047228	-3.578567	-7.2016077	120.0	120.0	319999	-1.1956179	1.2373551	0.5086992	-7.8262424	1.1633669	0.010299908	1357.6563231945038
81	-7.58162	1.6433572	-5.047768	-11.73714	-6.0502467	1.2450905	-3.854034	-8.147197	120.0	120.0	323999	-1.2058332	1.2226582	0.9928491	-8.384546	1.1745179	0.010550521	1374.4156429767609
82	-7.3289037	1.3876343	-5.1893497	-11.287116	-5.7931747	1.3595375	-3.938609	-8.160098	120.0	120.0	327999	-1.216854	1.2233396	0.5674925	-7.6221905	1.1857276	0.010262798	1391.320555448532
83	-7.1400676	1.3003279	-5.333842	-9.606817	-5.8906007	1.33692	-4.606364	-8.347235	120.0	120.0	331999	-1.2323558	1.2517701	0.4828694	-8.139734	1.2014416	0.0106693	1408.5223670005798
84	-7.4483933	1.2240608	-5.6276755	-10.34613	-5.4648886	1.0888262	-4.255191	-7.706794	120.0	120.0	335999	-1.2297621	1.239628	0.9822426	-7.7197714	1.1984619	0.010283313	1425.3253746032715
85	-7.6138325	1.5420724	-5.1256204	-11.309803	-6.1347847	1.0899047	-4.845829	-8.626029	120.0	120.0	339999	-1.2226245	1.2165557	0.6242938	-7.552178	1.1924568	0.010968416	1442.7881889343262
86	-7.4445877	1.5210462	-5.2723494	-10.331358	-5.3572397	1.2795594	-3.9423265	-7.8590574	120.0	120.0	343999	-1.2300363	1.2339749	-0.121876	-7.9492598	1.1993544	0.009525317	1459.7533648014069
87	-6.995125	1.5001372	-5.2879367	-10.272894	-5.8889713	1.4496708	-3.7466645	-8.204675	120.0	120.0	347999	-1.2211115	1.2428111	0.16436005	-7.2894135	1.1899006	0.010418258	1476.5727655887604
88	-8.34802	1.8110623	-4.9883127	-12.765492	-5.789764	1.2276953	-4.1910458	-8.208457	120.0	120.0	351999	-1.2022009	1.2350848	-0.09432149	-7.379551	1.1711758	0.0101155685	1493.9350259304047
89	-7.1251845	1.0510623	-5.5680437	-9.493565	-6.256518	1.4672738	-3.6671097	-8.6259365	120.0	120.0	355999	-1.1942779	1.2421354	-0.07452321	-8.218351	1.1633354	0.010096385	1510.7305359840393
90	-7.7683887	1.557304	-5.7730174	-11.743513	-6.4682717	1.2840283	-4.284747	-7.882981	120.0	120.0	359999	-1.1862938	1.2502729	1.8292253	-8.711516	1.1559995	0.010794372	1527.788993358612
91	-7.1128645	1.1433061	-5.2432456	-9.587575	-5.9864798	1.5700896	-4.135314	-8.56656	120.0	120.0	363999	-1.1687722	1.2456971	2.6462083	-10.449494	1.1372843	0.01021703	1545.121902704239
92	-7.220005	1.5351914	-5.28243	-10.787421	-5.9962907	1.9725442	-3.5915093	-10.175242	120.0	120.0	367999	-1.1417922	1.2414787	2.7108016	-7.3960676	1.1098342	0.009390348	1561.7138764858246
93	-7.2871637	1.1099784	-5.2594857	-9.496948	-5.8417287	1.2010679	-4.12578	-7.432033	120.0	120.0	371999	-1.1127614	1.2300652	1.5684369	-7.6989746	1.0811851	0.008571916	1579.042159318924
94	-7.306948	1.4241235	-5.150027	-10.578876	-6.6829863	1.5983847	-3.9467514	-8.944298	120.0	120.0	375999	-1.1055385	1.2265059	1.3382969	-8.4188795	1.07464	0.009641838	1595.8765313625336
95	-8.441327	3.8556044	-4.894925	-22.830223	-6.11852	1.3046863	-3.7928886	-8.718097	120.0	120.0	379999	-1.1095041	1.2315933	0.28279185	-7.5103307	1.079129	0.00934519	1612.564130306244
96	-7.6945853	1.9119793	-5.0986667	-15.265294	-5.610064	0.8979349	-4.697578	-7.558267	120.0	120.0	383999	-1.1026834	1.2475168	0.3634727	-7.2218966	1.0713516	0.008374984	1630.0529963970184
97	-6.8505087	1.084781	-5.4510565	-9.174428	-5.571507	1.5910636	-3.6285203	-8.011362	120.0	120.0	387999	-1.1012706	1.2414029	2.4326012	-7.360055	1.070757	0.008824087	1646.8258352279663
98	-7.24211	1.496247	-4.8742943	-10.369777	-7.5579314	2.0941114	-4.8344617	-11.181266	120.0	120.0	391999	-1.096044	1.2228409	2.4456153	-7.334614	1.0656227	0.009324429	1663.6213986873627
99	-7.220967	1.4222823	-4.785611	-10.660689	-6.244028	1.4749259	-4.044602	-7.760361	120.0	120.0	395999	-1.1029588	1.227193	3.6667614	-7.9256983	1.0727099	0.0087426435	1680.9545240402222
100	-7.690117	1.5271231	-5.6447196	-10.997576	-5.5200796	1.2514962	-4.0680637	-8.047453	120.0	120.0	399999	-1.1036704	1.2312199	4.125349	-7.5290627	1.0734795	0.00950609	1698.0466039180756
101	-7.3650804	1.5384299	-4.923715	-9.895412	-6.753709	1.5012966	-4.5013924	-9.325996	120.0	120.0	403999	-1.0919523	1.2366	0.44284725	-7.803707	1.0605572	0.008596914	1715.0588645935059
102	-7.0569673	1.6208109	-5.077	-10.573173	-5.6949453	1.3761238	-3.7752202	-7.508065	120.0	120.0	407999	-1.0658721	1.2292637	0.20806885	-7.572225	1.0347469	0.008982911	1732.2127232551575
103	-7.240979	1.2942097	-5.095218	-9.252842	-6.6617155	1.2978624	-4.2833643	-8.120845	120.0	120.0	411999	-1.0622782	1.2390515	0.17260337	-7.8019285	1.0312417	0.007996569	1749.0967860221863
104	-7.6556535	1.7323996	-5.216849	-13.403338	-6.457883	1.2158656	-4.6020784	-8.067579	120.0	120.0	415999	-1.0386239	1.2346904	0.81623673	-7.5811253	1.0076162	0.008233779	1766.5463325977325
105	-6.972153	1.2824899	-5.0882382	-10.568896	-6.670089	1.5342741	-4.74844	-9.197874	120.0	120.0	419999	-1.0210092	1.2364693	1.2962081	-8.4583845	0.98954016	0.008790487	1783.3839519023895
106	-7.7193484	1.5310725	-5.6091237	-10.691632	-6.7221937	1.7162395	-3.6678524	-8.643243	120.0	120.0	423999	-0.99667835	1.2191944	0.3439846	-8.200113	0.96516204	0.008308234	1800.338937997818
107	-7.4654746	1.616514	-5.133793	-10.942638	-5.961873	1.0982393	-3.779189	-7.0342846	120.0	120.0	427999	-0.99677896	1.2169212	0.60230446	-7.5582275	0.9657379	0.0075701876	1817.7390372753143
108	-7.521924	1.2128131	-5.695757	-11.294785	-6.6719904	1.1982505	-4.8118963	-9.117645	120.0	120.0	431999	-0.9924875	1.2011387	3.2058794	-7.639907	0.96112543	0.0075840866	1834.3465809822083
109	-7.5953345	1.4438082	-4.946571	-10.17027	-5.903824	1.237172	-4.2982273	-7.9729576	120.0	120.0	435999	-1.0034292	1.198246	5.0097766	-7.2917466	0.9734138	0.007829974	1851.3618476390839
110	-8.3088	2.3202245	-5.4457026	-15.690958	-10.879232	4.2966676	-4.382106	-16.755274	120.0	120.0	439999	-1.0182829	1.2096444	5.380391	-7.474726	0.9879858	0.0084383385	1868.832326412201
111	-10.880374	4.4603133	-5.282729	-22.102007	-8.168337	3.1300492	-4.0829544	-16.22141	120.0	120.0	443999	-0.882933	1.3032571	5.9480944	-9.820561	0.83604103	0.00964839	1885.6745462417603
112	-10.292616	4.203126	-5.2525716	-19.731611	-9.036413	2.6026125	-4.309026	-13.539787	120.0	120.0	447999	-0.4470491	1.684848	5.0519133	-9.379622	0.38283217	0.020812863	1903.1327826976776
113	-10.226297	3.206826	-5.7541094	-17.820898	-6.5160856	2.1031888	-4.327698	-10.886666	120.0	120.0	451999	-0.38055292	1.7006391	4.5270343	-7.5076213	0.33900997	0.021030845	1919.9265208244324
114	-10.007301	2.9114742	-6.161036	-17.394386	-8.308824	3.1481934	-4.0051084	-12.2261	120.0	120.0	455999	-0.5192077	1.5156438	3.5588973	-10.248898	0.48300922	0.013515234	1936.777776479721
115	-9.2472925	1.9883702	-6.1369	-13.630746	-7.5832496	1.7718747	-5.365341	-10.560056	120.0	120.0	459999	-0.67576224	1.3661655	2.4061131	-7.1849756	0.64387065	0.0111755775	1954.276778936386
116	-7.970008	1.5948359	-5.8795543	-13.991005	-8.000775	1.5236229	-5.541535	-9.953705	120.0	120.0	463999	-0.81978416	1.2630802	1.6130552	-7.1264954	0.7897551	0.009065079	1971.0353755950928
117	-7.528855	1.4872292	-4.91125	-11.652218	-7.2074447	1.4923283	-4.617069	-9.044495	120.0	120.0	467999	-0.92079884	1.213675	0.88660264	-7.424107	0.89206237	0.008037436	1987.9192354679108
118	-7.786696	1.6206955	-5.275383	-10.632827	-5.7740664	1.1563946	-4.124218	-7.481311	120.0	120.0	471999	-0.98087424	1.2112578	0.4892099	-7.4937773	0.9515883	0.008983783	2005.420513868332
119	-7.85533	1.3517368	-5.1904	-10.645958	-5.9732394	1.5110521	-4.5671	-9.1922865	120.0	120.0	475999	-1.0228297	1.2301803	0.3616805	-7.9749565	0.9948545	0.009055081	2022.373322725296
120	-7.4842114	1.4462358	-5.305267	-10.793217	-7.2207246	1.0724019	-4.6964436	-8.663584	120.0	120.0	479999	-1.0518811	1.2159163	0.1269412	-7.9431686	1.0236205	0.009237116	2039.5699226856232
121	-7.5350676	1.3949779	-5.3793097	-11.316003	-6.106858	1.1541955	-4.383715	-8.521722	120.0	120.0	483999	-1.0671873	1.1938288	0.44018936	-10.593235	1.0382506	0.008436753	2056.6478984355927
122	-7.4276175	1.5110972	-5.0688033	-10.34026	-6.2779627	1.5724034	-3.996053	-8.89578	120.0	120.0	487999	-1.0707352	1.1894442	-0.0046982765	-8.251742	1.0414253	0.008293133	2073.478771686554
123	-7.7718487	1.9687926	-5.2021008	-12.879331	-6.134591	1.5736803	-4.039318	-9.143228	120.0	120.0	491999	-1.064523	1.1810187	0.19945335	-8.226462	1.0356572	0.009328251	2090.888833761215
124	-8.057032	2.5506587	-5.392278	-16.44716	-6.374132	1.422828	-4.4127817	-8.740126	120.0	120.0	495999	-1.0543032	1.1537758	0.020171404	-10.605538	1.0243763	0.008049231	2107.5857169628143
125	-8.016119	1.9174017	-4.969256	-12.937235	-6.9678545	1.8263692	-4.6488223	-9.664764	120.0	120.0	499999	-1.0598326	1.158503	0.20890856	-7.112791	1.0312817	0.008658447	2124.4298446178436
126	-7.821814	1.8708632	-4.871895	-12.550772	-5.7820177	1.2380539	-3.4546237	-7.654506	120.0	120.0	503999	-1.0706574	1.168426	0.23052073	-7.422465	1.0423889	0.008347093	2141.9716584682465
127	-7.5370407	1.9445972	-4.599527	-11.76672	-6.9840875	1.8535619	-4.5666656	-10.918135	120.0	120.0	507999	-1.064425	1.187303	0.19215941	-7.2959948	1.0352143	0.008633665	2158.771059036255
128	-7.786895	1.5695457	-5.248244	-11.21498	-5.3330283	1.3886353	-3.8565445	-8.173458	120.0	120.0	511999	-1.047246	1.1827114	0.1574564	-7.375252	1.0173116	0.008313362	2175.7161707878113
129	-7.911495	2.442634	-5.446733	-18.801641	-5.7735763	1.6994143	-3.6021545	-9.346154	120.0	120.0	515999	-1.0192224	1.1755494	0.25342083	-6.9947424	0.9896904	0.00860274	2192.8455998897552
130	-7.2276945	1.5140461	-4.8907743	-10.098779	-6.957147	1.4501083	-4.7117147	-8.656183	120.0	120.0	519999	-1.0239624	1.1738913	0.24594831	-7.3648143	0.9957616	0.007978607	2210.129447698593
131	-7.72429	1.3718467	-5.7956033	-12.454902	-6.915843	1.7383356	-4.5063705	-10.178334	120.0	120.0	523999	-1.0358217	1.1845825	1.4689412	-7.6484313	1.0076483	0.008380623	2227.5632240772247
132	-7.9155498	1.353755	-5.4975686	-10.903459	-8.785419	1.8832482	-6.515508	-12.973822	120.0	120.0	527999	-1.017546	1.1718025	0.23617482	-8.216829	0.9886665	0.008323672	2244.345500230789
133	-8.453465	2.4312842	-5.2117105	-15.674999	-6.672746	2.1972768	-4.2198696	-11.000593	120.0	120.0	531999	-1.0308164	1.1721414	0.091413975	-8.642489	1.0023968	0.00746698	2261.1538631916046
134	-7.734764	1.9744431	-5.4275265	-13.813053	-6.2265673	0.954476	-4.5569506	-7.3165336	120.0	120.0	535999	-1.0446619	1.1667869	0.19016099	-9.025684	1.0166175	0.007839239	2278.6167120933533
135	-7.922364	1.2767555	-5.679201	-10.343089	-6.3644342	1.7231939	-4.4563837	-9.4791565	120.0	120.0	539999	-1.0503997	1.166709	0.76174307	-7.854966	1.0223675	0.007967007	2295.5076916217804
136	-8.282322	2.3438396	-5.50968	-15.693295	-5.63089	2.1766393	-3.5364997	-9.772712	120.0	120.0	543999	-1.051256	1.1760403	0.71816206	-7.295916	1.0234696	0.008118719	2312.321957349777
137	-8.71103	2.3923094	-5.282595	-14.372477	-6.791936	2.5824459	-4.001622	-13.067181	120.0	120.0	547999	-1.0446099	1.1609771	2.0721226	-7.500342	1.0152313	0.008452265	2329.715187072754
138	-8.058243	2.3730168	-5.185538	-15.126495	-6.378827	2.7549813	-4.0738416	-13.591234	120.0	120.0	551999	-1.0503323	1.164507	0.07605934	-7.5400624	1.0222949	0.0073969667	2346.6258306503296
139	-7.8632793	2.1788144	-5.33167	-13.932495	-6.2076383	1.3792709	-4.174121	-7.9826107	120.0	120.0	555999	-1.0717819	1.1838797	0.10404158	-8.073603	1.0448446	0.008893943	2363.575183391571
140	-7.012927	1.282172	-5.2328405	-9.919584	-7.077301	2.654477	-3.9861684	-14.204524	120.0	120.0	559999	-1.0696249	1.1965245	0.5315895	-7.6156645	1.0419304	0.008402198	2380.9023904800415
141	-7.6667876	1.7076756	-5.002622	-11.5264	-6.036722	1.2802117	-3.9735196	-8.00972	120.0	120.0	563999	-1.0522113	1.1880515	0.07493734	-7.477476	1.0241802	0.008458788	2397.8510093688965
142	-7.9446783	1.7402935	-5.083472	-11.951303	-5.3349695	1.3943532	-3.984319	-8.368304	120.0	120.0	567999	-1.0503436	1.1946787	0.06459761	-9.250198	1.022863	0.008270729	2415.2567961215973
143	-7.8595285	1.3450507	-5.7491775	-10.245384	-6.190832	1.3818796	-4.2328978	-8.717623	120.0	120.0	571999	-1.0368085	1.1884127	1.1796074	-8.121496	1.0082718	0.007756189	2432.313369512558
144	-7.79523	1.4966884	-4.802761	-10.287646	-6.403824	1.2787957	-4.2971506	-7.841414	120.0	120.0	575999	-1.031363	1.1806667	0.76242685	-8.654304	1.0035058	0.008145757	2449.1510252952576
145	-7.320761	1.5795244	-5.067591	-10.769481	-5.494262	1.6189387	-3.6378982	-8.334396	120.0	120.0	579999	-1.0357206	1.2028173	0.03394556	-8.441695	1.0079882	0.00825338	2466.646021127701
146	-7.2813177	1.4719974	-4.6467285	-10.0202875	-6.789453	1.7834276	-3.776682	-9.594756	120.0	120.0	583999	-1.0265024	1.2046756	0.24180269	-8.181689	0.9985233	0.0077325343	2483.65979886055
147	-7.338665	1.5231159	-4.785858	-10.71127	-6.9493423	1.8067784	-4.5157485	-10.45438	120.0	120.0	587999	-1.017566	1.1927936	0.67369795	-8.809603	0.98938096	0.008327397	2500.5870847702026
148	-7.6917367	1.7602363	-5.0381107	-11.287025	-5.368574	1.2975261	-3.5977278	-8.247804	120.0	120.0	591999	-1.0114833	1.1795226	1.7761426	-8.405736	0.983905	0.007433694	2517.890210866928
149	-7.3577194	1.4364916	-5.3718705	-10.539866	-5.936545	1.346536	-3.900353	-8.027994	120.0	120.0	595999	-1.0236194	1.1765034	0.016248226	-8.060301	0.9963223	0.007882098	2534.775741815567
150	-7.429466	1.6124128	-5.273233	-10.723211	-6.194463	1.5478534	-4.312767	-8.733517	120.0	120.0	599999	-1.0260469	1.1784375	0.9408622	-8.085316	0.99825805	0.007903023	2552.235073328018
151	-7.7429605	1.4690347	-5.6497316	-12.036803	-5.881098	1.5227658	-4.028929	-9.0699005	120.0	120.0	603999	-1.0175449	1.1865029	0.24184322	-7.636458	0.9898013	0.008580761	2569.1929919719696
152	-7.821657	1.6800721	-5.4119477	-11.717325	-6.180742	1.1407018	-4.521155	-8.286924	120.0	120.0	607999	-1.0026548	1.2024502	0.11948252	-8.016721	0.9742766	0.0074024457	2586.0761976242065
153	-7.6325417	1.8311948	-4.9619703	-12.215566	-6.862504	2.325546	-4.1859093	-10.800574	120.0	120.0	611999	-0.9930411	1.2025032	0.1579566	-8.371293	0.96533823	0.00787061	2603.620764017105
154	-7.088292	1.3460524	-4.904667	-9.922473	-6.2103353	0.9815304	-4.501663	-7.3783493	120.0	120.0	615999	-0.9850711	1.1825539	0.11260176	-7.9473963	0.9572075	0.007262044	2620.424975633621
155	-7.7716823	1.4847496	-5.7872515	-11.021908	-5.339877	1.1041664	-3.6272736	-7.6777797	120.0	120.0	619999	-0.97790134	1.1758217	0.09972572	-7.9088535	0.95000273	0.0073569985	2637.0179586410522
156	-7.9633036	1.4737892	-5.114888	-10.512343	-6.302245	1.307344	-4.118738	-8.224174	120.0	120.0	623999	-0.985658	1.1801327	0.09963131	-8.151985	0.95784116	0.007325761	2654.4570784568787
157	-7.691695	1.6422783	-4.980302	-10.307148	-5.8114204	1.1850402	-4.1221304	-7.7934923	120.0	120.0	627999	-0.98700607	1.1814476	0.33233738	-7.8692727	0.95924884	0.00775886	2671.3437716960907
158	-8.093506	1.5780977	-5.6192074	-12.465885	-5.9012666	1.4910433	-4.1402726	-8.449837	120.0	120.0	631999	-0.9847147	1.193544	0.07475853	-7.606163	0.95685923	0.006631416	2688.289166688919
159	-7.4114575	1.568784	-5.3204303	-10.367254	-5.3488193	1.106136	-3.669378	-6.7831426	120.0	120.0	635999	-0.98304665	1.1956525	0.10665178	-7.5871572	0.95519924	0.008388893	2705.5313868522644
160	-7.5109305	1.3321236	-5.166833	-9.739595	-5.690688	1.1459694	-4.5595174	-8.269478	120.0	120.0	639999	-0.9632598	1.1891892	0.12087917	-7.572118	0.93426687	0.0070633776	2722.9531257152557
161	-7.082269	1.3630756	-5.3983836	-9.823003	-5.4701767	1.9032687	-3.731734	-9.313459	120.0	120.0	643999	-0.9454488	1.186737	0.36983347	-7.4838753	0.9164981	0.007667729	2740.3095717430115
162	-7.5919657	1.3852061	-5.4396663	-10.40268	-5.8007755	1.6189665	-3.8291712	-8.543266	120.0	120.0	647999	-0.93558127	1.1942855	0.23761845	-7.431527	0.90677446	0.0069195377	2757.3652534484863
163	-7.397828	1.3501704	-4.9541445	-10.115818	-5.864442	1.0556471	-4.5691905	-7.6794114	120.0	120.0	651999	-0.92595166	1.199942	0.3585906	-8.136082	0.89688367	0.0065149795	2774.31401014328
164	-7.454333	1.5004367	-5.2586436	-10.152557	-5.7991996	0.9172814	-4.4433036	-7.5573196	120.0	120.0	655999	-0.91230077	1.1904145	0.29326677	-7.645756	0.8835587	0.0066083884	2791.926453590393
165	-8.119783	1.5579498	-5.5703783	-12.23563	-5.4315786	1.1499455	-4.1094794	-7.728764	120.0	120.0	659999	-0.9264315	1.179518	0.20367146	-7.3859515	0.89885634	0.006175164	2808.8467783927917
166	-7.213514	1.52083	-5.3148627	-11.19867	-6.521199	1.2984176	-5.0680275	-8.434874	120.0	120.0	663999	-0.93255794	1.1728836	0.28295374	-7.1252174	0.90407985	0.0077921073	2826.3443064689636
167	-7.9712763	1.2807184	-5.716372	-11.144398	-7.354331	1.2950251	-4.862217	-9.416011	120.0	120.0	667999	-0.9250192	1.1705964	0.58960533	-7.1174374	0.89637035	0.006261264	2844.1125938892365
168	-7.664223	1.5857681	-5.630477	-10.73076	-6.126362	1.5601188	-4.364327	-8.966711	120.0	120.0	671999	-0.93066037	1.1705999	2.3776832	-7.6518793	0.9021682	0.006884171	2861.6642866134644
169	-7.647927	1.6431019	-5.591593	-10.490743	-6.413086	1.346384	-4.3587203	-8.672904	120.0	120.0	675999	-0.93491393	1.1733207	3.622663	-9.622385	0.90722764	0.007310834	2879.7761368751526
170	-7.553199	1.350154	-5.5993733	-10.183571	-5.889308	1.3243929	-4.425889	-8.846866	120.0	120.0	679999	-0.93877786	1.1746645	3.222434	-7.479843	0.9107385	0.0061806	2897.9339060783386
171	-7.6715465	1.4981322	-5.2959294	-10.894441	-5.726937	1.4606628	-3.8973765	-8.10267	120.0	120.0	683999	-0.9347508	1.1861113	1.5478907	-7.858301	0.9071201	0.0073127183	2915.6262991428375
172	-7.575608	1.215021	-5.5427556	-9.889752	-5.477004	1.6686125	-3.854947	-8.188036	120.0	120.0	687999	-0.92620414	1.1919796	0.5042558	-7.4570637	0.89844555	0.008018591	2933.702533006668
173	-7.481229	1.4626178	-5.319542	-10.799225	-5.1763663	1.4292272	-3.5644965	-8.714199	120.0	120.0	691999	-0.91117036	1.1956658	0.5508151	-7.492103	0.8819482	0.007087756	2951.42262339592
174	-7.2882667	1.4172504	-5.3930874	-10.097213	-6.071819	1.2829132	-4.2175	-8.097218	120.0	120.0	695999	-0.8882972	1.1942042	0.5649514	-7.704346	0.8593939	0.0063595437	2968.495393514633
175	-7.3432164	1.4852458	-5.1824603	-10.562656	-6.4646316	1.4762601	-4.683618	-9.141004	120.0	120.0	699999	-0.8836236	1.1844372	0.5828748	-7.4651713	0.85521185	0.0065084887	2986.1943640708923
176	-7.407804	1.274135	-5.5334578	-10.118014	-6.060202	1.5717744	-4.3443093	-8.891866	120.0	120.0	703999	-0.8995843	1.1729205	0.51616335	-8.078378	0.8721058	0.0064899684	3003.6101920604706
177	-7.5172043	1.0426127	-5.935241	-9.999939	-6.556628	1.2659172	-4.6121593	-8.296771	120.0	120.0	707999	-0.92681265	1.1678828	0.53461075	-8.221167	0.8998003	0.006581645	3021.8006937503815
178	-8.366127	1.9593521	-5.158795	-13.083019	-6.270646	1.8121291	-3.4509695	-9.419709	120.0	120.0	711999	-0.9423547	1.1700494	0.49743176	-7.2737103	0.9153755	0.007206014	3039.40593290329
179	-7.9040604	1.8389903	-5.237701	-11.767	-5.5751367	1.5803332	-3.7598865	-9.474732	120.0	120.0	715999	-0.93626654	1.1679984	0.52845	-7.7425766	0.9075815	0.006785105	3056.233155965805
180	-7.818868	1.6247381	-5.135001	-10.844017	-6.343943	1.0538619	-5.1112676	-8.181644	120.0	120.0	719999	-0.9182323	1.1926042	0.6558604	-7.853163	0.88981235	0.0062672733	3074.086175441742
181	-7.914028	1.8879024	-5.208896	-14.94628	-6.1035604	1.4727271	-3.581085	-8.237724	120.0	120.0	723999	-0.9047638	1.2139198	0.6881037	-9.165415	0.87677395	0.006706834	3091.157904148102
182	-7.718221	1.6749641	-4.9893055	-12.65116	-5.7656183	1.680022	-3.672959	-8.494132	120.0	120.0	727999	-0.88379955	1.2113076	0.75984	-8.159975	0.8544695	0.006837619	3108.115439891815
183	-7.855852	1.4717287	-5.1752715	-10.501657	-6.0761323	0.70151645	-4.7325873	-7.6975293	120.0	120.0	731999	-0.8645575	1.2140515	0.7363405	-7.793107	0.83563644	0.006629257	3125.8248171806335
184	-7.3191934	1.4359158	-5.074915	-11.875858	-7.4234467	2.4560573	-4.036979	-11.714796	120.0	120.0	735999	-0.8553194	1.2029648	0.94841576	-7.5523443	0.8263383	0.006000156	3142.7561881542206
185	-7.9134984	1.7303908	-5.2790065	-12.021101	-5.889153	1.09763	-4.2540793	-8.207469	120.0	120.0	739999	-0.85690117	1.195138	0.6959944	-8.432709	0.8281797	0.0057852776	3159.8015973567963
186	-7.205049	1.2843931	-5.132278	-10.6833935	-6.279153	1.4714313	-4.1699514	-8.847242	120.0	120.0	743999	-0.8579629	1.2092739	0.71851015	-8.303611	0.8290869	0.006705444	3177.258914709091
187	-7.69572	1.3613821	-5.799464	-11.138563	-5.6522236	1.1294596	-3.9952805	-7.4545803	120.0	120.0	747999	-0.8466686	1.2073187	2.395805	-8.414831	0.8180191	0.006860548	3193.8676252365112
188	-8.241326	1.9931762	-5.5027103	-15.586262	-9.661959	5.080425	-3.853061	-22.564157	120.0	120.0	751999	-0.80940014	1.2297636	9.626915	-7.8660164	0.76609087	0.008663919	3211.0756459236145
189	-11.39193	5.4566708	-5.469177	-26.207588	-7.597449	3.1759088	-5.2455406	-16.590212	120.0	120.0	755999	-0.36996925	1.9288392	8.628279	-9.651839	0.31956568	0.034730203	3228.120836496353
190	-9.914086	3.9103756	-6.4978614	-24.469385	-10.403435	6.104331	-4.5379415	-22.921442	120.0	120.0	759999	-0.0712163	2.0974004	7.3808937	-9.120645	0.00567297	0.03821433	3245.273213863373
191	-13.419266	6.4553337	-5.924376	-24.50541	-8.158225	3.3262722	-5.0678716	-13.435766	120.0	120.0	763999	0.17265406	2.028301	6.861814	-9.608196	-0.23536941	0.035007514	3262.6132872104645
192	-11.817179	4.6672974	-6.3417196	-25.58798	-10.946783	2.6019962	-6.4065623	-14.747358	120.0	120.0	767999	0.22415641	1.7617025	8.8647995	-9.417767	-0.29543585	0.026265506	3279.439823627472
193	-12.3504925	4.0733523	-5.8013043	-22.232424	-7.4282007	2.296071	-4.5040245	-10.77667	120.0	120.0	771999	0.4240254	1.8300849	13.441497	-11.111315	-0.490988	0.027449662	3296.216073513031
194	-12.528232	4.6069484	-5.282137	-24.60655	-12.51622	7.486969	-4.588607	-26.006855	120.0	120.0	775999	0.3836175	1.8157301	14.114925	-7.633786	-0.44284394	0.023200627	3313.622531414032
195	-12.857482	7.483902	-6.220379	-30.657494	-16.404009	8.829523	-5.1652617	-28.872522	120.0	120.0	779999	0.138137	1.4010781	10.232191	-7.9015284	-0.18237303	0.01444773	3330.4350776672363
196	-13.017876	7.6979737	-5.9256024	-31.519554	-13.0008135	7.6125917	-7.7880464	-28.105173	120.0	120.0	783999	-0.16077903	1.167704	4.8825183	-8.199734	0.12382311	0.009174596	3347.382559299469
197	-11.10806	5.273901	-7.1261163	-31.727821	-8.400722	3.1036894	-4.533364	-14.322825	120.0	120.0	787999	-0.39967138	1.1140907	2.2015142	-16.64811	0.36339337	0.007368561	3364.9008796215057
198	-11.397447	5.7068763	-6.0846815	-27.403536	-9.190505	2.7345276	-5.2979746	-12.805508	120.0	120.0	791999	-0.56130594	1.1455985	1.9104829	-10.147181	0.53024685	0.0072893617	3381.8346502780914
199	-9.29342	2.4596546	-6.0535526	-16.51525	-8.8495655	1.9731654	-5.2963147	-12.183773	120.0	120.0	795999	-0.71106416	1.1606871	1.7433763	-11.339893	0.6813344	0.0076688454	3398.769373178482
200	-8.843659	1.9226276	-5.916736	-13.659596	-9.464278	2.7620454	-6.012806	-16.150627	120.0	120.0	799999	-0.81217086	1.1834817	0.6550827	-12.943708	0.7828469	0.008387346	3416.5158891677856
201	-8.569911	1.775204	-5.773705	-12.877802	-7.191816	1.5040973	-5.009699	-10.29922	120.0	120.0	803999	-0.86144984	1.1996154	0.8178582	-8.329047	0.8318153	0.008714111	3433.611035823822
202	-9.389165	1.6642151	-5.9812646	-13.261684	-7.0501466	1.9844091	-4.8458805	-10.036159	120.0	120.0	807999	-0.8908582	1.2089512	2.219101	-8.798937	0.8604873	0.007989817	3451.129063606262
203	-8.770013	1.6683059	-5.963715	-12.051405	-7.3186827	2.0647826	-4.32295	-10.615519	120.0	120.0	811999	-0.90546155	1.1999608	2.585074	-8.194359	0.87584215	0.009232042	3467.737747192383
204	-8.889371	2.1656783	-5.1711683	-13.894525	-6.96499	2.0107186	-4.5276403	-10.886675	120.0	120.0	815999	-0.9153795	1.191125	1.531949	-7.8861313	0.8844743	0.008635843	3484.58225774765
205	-8.547347	1.9669968	-5.1206985	-12.646581	-6.46419	1.7773461	-4.0814953	-10.15568	120.0	120.0	819999	-0.90079767	1.186398	1.5301547	-7.940866	0.8697119	0.008969256	3501.9069192409515
206	-7.942826	1.6202797	-5.6758947	-11.830798	-5.7522407	1.5233508	-3.7568254	-7.87272	120.0	120.0	823999	-0.9123834	1.2011677	1.1776743	-7.7315025	0.88272595	0.0074995565	3518.814769744873
207	-7.493027	1.4757317	-5.5042934	-10.891718	-5.3103447	0.93737227	-4.1956997	-7.28098	120.0	120.0	827999	-0.9342273	1.2096503	0.9464493	-8.344831	0.9051084	0.008280333	3535.8228900432587
208	-7.8533287	1.7875293	-5.50332	-13.226947	-6.1635704	1.6169051	-4.562915	-9.475814	120.0	120.0	831999	-0.93758315	1.1977298	1.0609117	-8.89635	0.9085617	0.0076678926	3553.2994010448456
209	-8.0470085	1.7403268	-5.387383	-11.450753	-7.655301	1.477707	-5.5059314	-10.1397	120.0	120.0	835999	-0.92741185	1.1763568	4.1756988	-8.226197	0.8959403	0.008553044	3570.231043815613
210	-8.295109	2.3202589	-4.918234	-15.0666485	-5.815255	1.6692226	-3.8684442	-10.332796	120.0	120.0	839999	-0.8980807	1.156852	6.2241445	-8.651488	0.863989	0.008291365	3587.784491300583
211	-8.58892	3.3612432	-5.2158537	-22.48389	-10.5683975	8.894138	-4.1602783	-28.793713	120.0	120.0	843999	-0.88685197	1.1527951	5.399171	-7.8850017	0.852766	0.00902028	3604.651240825653
212	-10.886793	7.537888	-5.4158945	-32.37612	-11.7438345	7.9635983	-4.5459027	-27.799698	120.0	120.0	847999	-0.6614213	1.5503788	7.4214635	-8.33433	0.59781003	0.013221098	3621.670817375183
213	-10.090121	3.6906252	-5.7784505	-22.167963	-9.773711	5.6108694	-4.601448	-23.644053	120.0	120.0	851999	-0.11460819	2.1048076	7.8350987	-10.78759	0.051091872	0.03397084	3639.1371233463287
214	-9.212834	3.3942966	-5.461015	-18.590208	-12.016668	3.704393	-6.9379854	-18.483109	120.0	120.0	855999	0.06559421	1.9588245	7.446892	-8.42649	-0.12307195	0.030335758	3656.0549442768097
215	-10.680033	2.7077463	-7.042542	-17.930515	-8.389135	1.255308	-6.6701145	-10.18095	120.0	120.0	859999	-0.07098581	1.7376142	5.2039866	-8.156994	0.028649924	0.024434498	3672.8683788776398
216	-9.323169	1.4807762	-6.5473514	-12.586214	-8.63403	1.2784891	-5.812156	-10.649998	120.0	120.0	863999	-0.22093776	1.5077058	4.135685	-7.931011	0.17692566	0.015971914	3690.236613512039
217	-8.981069	2.2422738	-5.5537086	-14.119102	-7.69096	0.8330228	-6.781499	-9.309776	120.0	120.0	867999	-0.35056093	1.4115255	3.3353438	-8.008812	0.313786	0.013491477	3707.1058418750763
218	-8.6610565	1.8035256	-6.096444	-12.335523	-7.55498	2.216341	-5.2874765	-11.614459	120.0	120.0	871999	-0.48788375	1.3097869	3.0958338	-7.933201	0.45385522	0.009601333	3724.0266993045807
219	-8.612467	1.7208557	-5.8388686	-11.301866	-6.1224165	0.7606309	-5.03476	-6.989479	120.0	120.0	875999	-0.61460227	1.2552158	1.4809589	-9.241183	0.5819689	0.008938147	3741.127362012863
220	-8.876939	1.6244084	-6.14967	-13.15692	-6.968917	1.8135636	-4.0820317	-9.7135315	120.0	120.0	879999	-0.68645054	1.2372472	1.6767726	-8.456619	0.65264195	0.008409352	3758.6740329265594
221	-8.595	1.6062247	-5.630659	-13.079573	-7.41836	2.317019	-4.516012	-11.252369	120.0	120.0	883999	-0.7100449	1.230084	2.0189319	-8.366817	0.6772798	0.008203903	3776.2725813388824
222	-9.47396	1.9941	-5.3801575	-14.824575	-7.3097863	1.7965176	-4.075439	-9.894888	120.0	120.0	887999	-0.7376489	1.2464824	1.9583435	-9.250697	0.7049779	0.007813103	3793.245581626892
223	-7.943575	1.3707175	-5.873716	-10.888441	-6.654879	1.3053303	-5.067483	-8.945934	120.0	120.0	891999	-0.7174303	1.2412792	1.7575512	-8.098794	0.68367213	0.007813608	3810.1591367721558
224	-8.258647	1.5701028	-5.622505	-11.841867	-7.680383	1.6375821	-4.2605186	-9.43731	120.0	120.0	895999	-0.6959743	1.232311	1.8965878	-8.954665	0.6611572	0.0080621885	3827.679801464081
225	-8.755344	1.8786079	-5.1647635	-12.859325	-7.9484987	2.0599647	-4.559445	-10.762928	120.0	120.0	899999	-0.6760231	1.2397668	2.3173556	-8.589466	0.64140314	0.0077267583	3844.592482805252
226	-9.939556	2.4489737	-6.422503	-18.232058	-7.380861	1.4870087	-5.4390564	-9.25028	120.0	120.0	903999	-0.6702319	1.2371572	1.9413934	-8.425845	0.6344342	0.007884339	3861.4679851531982
227	-8.6978	2.0555255	-6.1349373	-14.61549	-6.203117	1.5963485	-4.195937	-9.013032	120.0	120.0	907999	-0.64349955	1.2176418	1.9429154	-7.988492	0.6084476	0.0072101178	3879.0336956977844
228	-9.248787	2.4708831	-6.312003	-16.12009	-8.572927	3.2735984	-4.4479036	-14.096651	120.0	120.0	911999	-0.6743475	1.2210889	2.1406398	-8.132888	0.64190865	0.007255573	3896.106071472168
229	-8.756928	1.7748698	-6.516874	-14.193626	-7.4060717	2.410891	-4.5415306	-11.238752	120.0	120.0	915999	-0.72304267	1.2100801	2.1359282	-9.4718	0.690641	0.007858252	3913.1821789741516
230	-8.2464075	1.7321624	-5.7917304	-12.719233	-7.7390356	1.7396305	-5.0088696	-11.62718	120.0	120.0	919999	-0.7591526	1.2018664	1.4237475	-10.005098	0.7268741	0.0071444055	3930.9066245555878
231	-8.088554	1.8304069	-5.992481	-13.090533	-7.2281485	1.5274892	-5.422757	-9.902941	120.0	120.0	923999	-0.7955793	1.211138	0.7602086	-8.7327	0.7644884	0.0076440345	3948.005213499069
232	-8.045971	1.2509154	-5.7853456	-10.534226	-6.2525034	0.89807093	-4.615605	-7.540327	120.0	120.0	927999	-0.82131505	1.2347971	0.70738363	-8.673087	0.79041386	0.0072703273	3965.405458211899
233	-7.897715	1.9098275	-5.917082	-13.003367	-6.409604	1.6732699	-3.9649644	-9.029938	120.0	120.0	931999	-0.8256261	1.2374481	0.673985	-8.602277	0.79367125	0.0074042156	3982.3335676193237
234	-8.22809	1.5590556	-5.9410543	-11.34773	-7.180907	2.4034953	-4.363826	-11.145569	120.0	120.0	935999	-0.8128741	1.2179936	0.66290045	-7.774605	0.780215	0.007701075	3998.9836690425873
235	-8.21522	1.930963	-6.1131477	-13.988041	-7.0598807	1.7078987	-5.217251	-10.459673	120.0	120.0	939999	-0.8011001	1.2087525	0.64963436	-9.824332	0.76917845	0.007595118	4016.4736104011536
236	-7.9723854	1.4957254	-5.690874	-12.0466795	-6.0457435	1.0352063	-5.0584264	-8.385074	120.0	120.0	943999	-0.8240258	1.1989758	0.5953083	-8.147195	0.7935812	0.0075823395	4033.4358122348785
237	-8.073615	1.6387128	-5.8235474	-12.582776	-7.036535	1.8080101	-4.2296724	-9.554474	120.0	120.0	947999	-0.8345294	1.1845671	1.4525428	-7.83429	0.8030891	0.0068109394	4050.38588142395
238	-8.9441185	1.4292547	-6.1793065	-12.101263	-6.542215	1.233155	-5.1328545	-8.697314	120.0	120.0	951999	-0.83547837	1.1896629	0.5332389	-7.5004783	0.8036543	0.0067277392	4067.853688955307
239	-9.227029	2.0190492	-5.4865932	-14.1107855	-6.3865232	1.3336782	-4.427377	-8.6139555	120.0	120.0	955999	-0.82578117	1.1815796	0.49107504	-9.082245	0.7940562	0.0065661203	4084.694349050522
240	-8.017938	1.8384676	-5.040854	-12.897466	-8.027439	2.982064	-4.721427	-14.764116	120.0	120.0	959999	-0.82662344	1.1766504	0.74410295	-8.269333	0.7953218	0.007125963	4102.7635271549225
241	-7.902518	1.6774274	-5.069435	-11.604387	-7.4862986	3.2018993	-3.6304958	-15.686636	120.0	120.0	963999	-0.8187425	1.1837867	0.61651754	-8.414646	0.78640896	0.0068983426	4120.037572383881
242	-8.8047285	1.8879191	-5.8078423	-13.532878	-5.89009	1.6451415	-4.1841135	-10.026161	120.0	120.0	967999	-0.815046	1.1872779	0.62194824	-8.306755	0.7837555	0.006719946	4137.011384963989
243	-8.524856	2.5159874	-5.7209215	-18.574532	-7.563089	2.4480782	-5.4164915	-12.847028	120.0	120.0	971999	-0.8321386	1.1794258	0.5991516	-7.521074	0.801782	0.0072852247	4154.2895839214325
244	-8.263859	1.9852904	-5.02412	-13.287376	-7.140834	1.302524	-4.9985394	-9.331382	120.0	120.0	975999	-0.8464557	1.1818616	0.5658531	-7.641401	0.8151307	0.006763348	4171.305543899536
245	-8.408805	2.301739	-5.1229277	-16.481976	-7.0474916	1.7207677	-4.005884	-9.385747	120.0	120.0	979999	-0.8536323	1.1669768	0.51131296	-7.822188	0.82293254	0.0069575827	4188.457231760025
246	-8.217672	1.7290134	-5.439848	-11.668503	-7.1655946	2.851033	-3.5314457	-14.1539345	120.0	120.0	983999	-0.86211765	1.1700641	0.52946997	-7.618766	0.8307506	0.0064954394	4205.997981309891
247	-8.804042	2.5510411	-5.760922	-18.26184	-6.767096	1.543489	-4.174889	-9.917074	120.0	120.0	987999	-0.8604831	1.1772348	1.7160296	-9.555017	0.8299998	0.0071868515	4222.937515497208
248	-7.9812555	2.192504	-4.965665	-12.948489	-8.973738	2.0547414	-6.951968	-14.092952	120.0	120.0	991999	-0.8766683	1.1836549	0.93973017	-8.195004	0.84665126	0.00734406	4239.984861135483
249	-8.664822	2.9583943	-5.369042	-19.455479	-7.641908	2.3859272	-4.9864416	-13.771692	120.0	120.0	995999	-0.88750064	1.188886	0.9406862	-8.6302595	0.856516	0.007395825	4257.57817530632
250	-9.736751	2.5822337	-5.9626675	-16.079048	-8.226758	1.5391127	-4.83675	-10.179124	120.0	120.0	999999	-0.8945733	1.1659046	1.9455347	-8.620285	0.86467654	0.008143213	4274.738026380539
251	-8.641812	2.2974205	-6.0191426	-16.853422	-7.5327806	1.5721575	-5.5196314	-9.89572	120.0	120.0	1003999	-0.9134365	1.1662527	0.90371275	-7.917882	0.8840247	0.0075719245	4292.12855386734
252	-8.711153	1.6265684	-5.992435	-12.434306	-7.2228384	1.7148045	-4.0098963	-9.004282	120.0	120.0	1007999	-0.89054585	1.1786578	0.42046165	-7.993286	0.85956657	0.0071707265	4308.983307123184
253	-7.7443166	1.9828056	-5.399308	-15.92102	-7.112078	1.0451481	-5.135621	-8.852502	120.0	120.0	1011999	-0.85317475	1.1937295	0.49366426	-8.022095	0.82309645	0.006578781	4325.738181114197
254	-8.791654	1.9201623	-5.057011	-12.359708	-7.842576	0.9736614	-6.4073734	-10.082838	120.0	120.0	1015999	-0.81861556	1.1808944	0.8221431	-8.460072	0.78826964	0.0062818937	4343.064560651779
255	-9.010307	2.5156562	-6.044707	-17.630981	-6.51674	1.3725849	-3.9254923	-9.220327	120.0	120.0	1019999	-0.7866541	1.1718178	1.1301551	-9.418621	0.75565296	0.0064644464	4359.896954536438
256	-8.61247	2.1632445	-5.425987	-11.983356	-7.014249	2.040833	-4.3656516	-10.645475	120.0	120.0	1023999	-0.7686034	1.1631781	0.6120939	-8.996752	0.7382907	0.0059726504	4376.957257032394
257	-8.008581	1.6039548	-5.698774	-11.481614	-6.7500944	1.9061782	-3.9534698	-10.024805	120.0	120.0	1027999	-0.77236557	1.1533276	0.5940523	-9.140926	0.7429819	0.0057816105	4394.52240729332
258	-8.076122	2.2764003	-5.15171	-12.8622875	-7.1604147	1.7306286	-4.318425	-10.011333	120.0	120.0	1031999	-0.7623527	1.1559583	0.6824684	-9.139205	0.7325341	0.0056668306	4411.363201618195
259	-8.334775	1.6759608	-5.85453	-12.277746	-6.248006	1.6978614	-4.4434786	-10.327242	120.0	120.0	1035999	-0.7582878	1.1695808	0.7300005	-9.453679	0.72898644	0.0055849315	4428.572496891022
260	-8.54322	1.8151445	-5.973511	-13.226029	-7.1295366	1.2743394	-4.579948	-8.795476	120.0	120.0	1039999	-0.75988334	1.1694189	0.7401538	-8.467915	0.7307662	0.0060539227	4446.351008892059
261	-8.316514	1.2329111	-6.1239467	-10.523919	-6.111881	1.4916161	-4.2325144	-9.23756	120.0	120.0	1043999	-0.76577455	1.1703503	0.7255759	-8.414718	0.7368821	0.00661416	4463.475050210953
262	-8.528365	1.3084352	-5.9074044	-11.461399	-6.2241335	1.1753297	-4.415104	-8.247449	120.0	120.0	1047999	-0.76167303	1.1656597	1.7125936	-8.470516	0.7321499	0.0053984034	4481.054369211197
263	-8.489828	1.4619521	-6.004982	-11.025091	-6.6487174	1.2136524	-4.8358994	-8.581943	120.0	120.0	1051999	-0.74751186	1.1513556	1.967104	-8.89042	0.7177679	0.005455988	4498.173484325409
264	-8.500596	1.4746299	-5.701415	-12.366933	-5.8803844	1.7925984	-4.58251	-11.0054245	120.0	120.0	1055999	-0.73768115	1.1468633	1.127965	-9.40141	0.7083679	0.005284321	4514.989366769791
265	-8.7250185	2.110234	-5.239196	-18.093552	-5.777018	1.2679656	-4.166976	-8.40758	120.0	120.0	1059999	-0.7312896	1.1448904	0.85448074	-9.618346	0.70245177	0.0051143486	4532.569992542267
266	-8.168645	1.6783122	-5.2539773	-12.806705	-6.8882837	1.2784207	-4.7940283	-9.340528	120.0	120.0	1063999	-0.7432581	1.1264949	0.67261267	-8.443305	0.7152819	0.0047783693	4549.222794294357
267	-8.255352	1.659819	-5.53444	-11.254369	-6.2320433	1.3093829	-4.469678	-8.370184	120.0	120.0	1067999	-0.75699073	1.102838	0.5245695	-8.935077	0.72821975	0.005053482	4566.063091039658
268	-7.9962425	2.002489	-5.2751794	-12.703829	-7.2303696	0.8832036	-5.955097	-8.778655	120.0	120.0	1071999	-0.7560342	1.1086565	0.4613576	-7.2766905	0.7269305	0.0042872624	4583.464102506638
269	-8.0684805	1.6859676	-5.372178	-11.321379	-5.7944164	1.2552549	-3.7770267	-7.513863	120.0	120.0	1075999	-0.7327492	1.112276	0.5207138	-8.331392	0.70349085	0.0045036846	4600.471156358719
270	-7.4775543	1.4493148	-5.4131517	-10.64228	-6.611785	1.4911572	-3.4299283	-9.3106985	120.0	120.0	1079999	-0.7241213	1.0929863	0.7789693	-8.446625	0.6953219	0.004556461	4618.334839820862
271	-7.708498	1.5153174	-5.2142015	-10.368477	-6.8808365	1.5950197	-4.766947	-9.593996	120.0	120.0	1083999	-0.713652	1.0853097	2.6343455	-8.5013275	0.6838392	0.004618367	4635.3716995716095
272	-7.9718833	1.1629732	-6.0085077	-10.128796	-7.459426	1.5382605	-5.358986	-9.920624	120.0	120.0	1087999	-0.6938922	1.0991595	4.6158147	-7.4022455	0.66342455	0.0038135557	4652.422764778137
273	-8.744918	1.7599676	-6.390769	-12.122415	-5.959712	0.99618715	-4.211946	-7.2095	120.0	120.0	1091999	-0.6545749	1.115989	2.0106921	-7.858996	0.62283486	0.0039300313	4669.965825796127
274	-8.176503	1.8756847	-4.843226	-12.470819	-6.747377	1.6572049	-4.4816713	-9.768245	120.0	120.0	1095999	-0.59947693	1.1702228	1.5769749	-8.0828085	0.56698877	0.0052124746	4686.742971658707
275	-8.218429	1.4697742	-5.8005004	-13.016949	-7.1150537	1.9167453	-4.4611225	-10.339723	120.0	120.0	1099999	-0.5650676	1.2105954	1.7159562	-7.502865	0.5338023	0.0059449207	4703.848449468613
276	-8.700257	1.9159505	-6.0404277	-13.358391	-7.658454	1.6987025	-4.6024737	-10.007881	120.0	120.0	1103999	-0.5700614	1.1685102	1.681006	-9.84273	0.54053104	0.0054270695	4721.369192361832
277	-8.608313	1.7005872	-5.457093	-12.165919	-7.5176897	1.7093842	-5.4042897	-11.410649	120.0	120.0	1107999	-0.633336	1.1117744	1.4458232	-8.097928	0.60660124	0.0047777523	4738.347021341324
278	-8.925231	1.6128193	-6.039798	-11.811914	-7.9613304	1.6172584	-4.965867	-10.537993	120.0	120.0	1111999	-0.7024227	1.0658107	0.8049469	-7.4262633	0.67550296	0.0043562357	4755.383501052856
279	-8.858593	2.2385855	-6.0171194	-17.43744	-6.746404	1.6679729	-4.662484	-9.943145	120.0	120.0	1115999	-0.74020195	1.055752	0.60765123	-8.590422	0.71292233	0.00455976	4772.969998598099
280	-9.342241	1.4648851	-6.737711	-12.693821	-8.508486	2.7035656	-3.6475708	-11.822634	120.0	120.0	1119999	-0.7454235	1.0750291	0.6914263	-8.331874	0.7167144	0.0037683195	4790.6977915763855
281	-9.156836	2.0114799	-6.003217	-12.903713	-7.2033587	1.5916735	-5.5527053	-10.006703	120.0	120.0	1123999	-0.71959186	1.0915312	0.8286557	-7.469018	0.6901317	0.004235196	4807.789542913437
282	-8.078114	2.072715	-5.3979254	-13.363411	-5.910857	1.2860851	-4.6180325	-8.359517	120.0	120.0	1127999	-0.6783559	1.1044768	1.1673808	-8.105602	0.64669293	0.00434565	4824.838557720184
283	-8.331296	1.5358164	-5.1932945	-11.224658	-7.136425	1.479168	-4.705695	-9.284479	120.0	120.0	1131999	-0.65658116	1.1040016	0.9934883	-7.6715527	0.6268073	0.0050650234	4841.739300489426
284	-8.573647	1.618291	-5.977056	-10.939592	-6.627936	1.1828283	-4.9154143	-9.423513	120.0	120.0	1135999	-0.67357284	1.0955379	0.9745302	-7.8548026	0.6439446	0.004615712	4859.315800666809
285	-7.625885	1.3865849	-4.9497585	-11.064393	-5.5250087	1.6637537	-3.589155	-9.354985	120.0	120.0	1139999	-0.68494654	1.1092463	0.9427347	-7.960924	0.65556055	0.0046591978	4876.059973478317
286	-7.5816584	1.3129841	-5.711687	-11.240134	-7.1171393	1.781755	-4.635843	-9.832178	120.0	120.0	1143999	-0.675958	1.1093329	1.0551338	-8.376387	0.64541954	0.0043792534	4892.983461141586
287	-8.089734	1.9047512	-5.311492	-14.444633	-6.652929	1.5133747	-3.8454514	-8.365932	120.0	120.0	1147999	-0.64415276	1.1104093	1.0898895	-7.6001863	0.6128124	0.004004647	4910.442175149918
288	-8.633815	1.6449511	-5.3534985	-11.661664	-7.432313	2.2775688	-3.8623917	-11.516594	120.0	120.0	1151999	-0.60750765	1.130456	1.1139655	-7.517365	0.5742192	0.0042167697	4927.551572561264
289	-8.284476	1.7976716	-5.2028203	-11.269362	-6.4563637	1.4668907	-4.143978	-9.222464	120.0	120.0	1155999	-0.54895794	1.1576219	1.1436954	-7.3395696	0.5140059	0.0047899173	4944.365077257156
290	-8.329769	1.8637635	-5.7034416	-15.2919655	-6.76682	1.8295964	-4.2491302	-9.4499235	120.0	120.0	1159999	-0.4705073	1.1741159	1.1856899	-7.4709144	0.43499678	0.004636609	4962.488343477249
291	-9.007896	2.2462575	-5.2332506	-14.103643	-7.9937835	1.4959785	-5.9413037	-11.002172	120.0	120.0	1163999	-0.43035057	1.1534865	1.2399278	-7.2964673	0.39581135	0.004923179	4979.403289318085
292	-8.437328	1.6872469	-5.1522646	-11.805442	-7.048243	1.304592	-5.243592	-9.115481	120.0	120.0	1167999	-0.41732398	1.1397346	1.1127	-7.1240916	0.3833344	0.0042811297	4996.702701330185
293	-8.531531	1.7504796	-5.374245	-11.638065	-6.038226	0.83112025	-4.7138877	-7.619577	120.0	120.0	1171999	-0.4261715	1.1464833	1.2469344	-7.3633323	0.3933958	0.0043923734	5013.697390317917
294	-8.93689	1.713687	-5.994448	-11.841959	-7.850924	1.7171621	-5.1837964	-10.139852	120.0	120.0	1175999	-0.4608721	1.1481442	1.2951264	-7.661042	0.43091148	0.0047576753	5030.594895362854
295	-8.314153	1.5161058	-5.840536	-11.710916	-7.2563553	2.0114446	-4.415947	-11.366497	120.0	120.0	1179999	-0.5242758	1.1310647	1.2704616	-7.576278	0.49531612	0.004233795	5047.88831782341
296	-9.365147	1.3720334	-6.9219193	-11.744931	-6.554264	1.589315	-4.65825	-9.347937	120.0	120.0	1183999	-0.57127553	1.1002432	1.104917	-8.396839	0.5410189	0.0040983353	5064.879232168198
297	-8.603419	1.9114878	-4.953806	-13.3398	-6.93302	2.110089	-4.7346587	-11.1160555	120.0	120.0	1187999	-0.5927823	1.08996	0.91852236	-7.940252	0.5619714	0.003751625	5081.520731210709
298	-8.714791	1.6718134	-5.5294514	-12.163664	-7.4089904	2.47284	-4.582989	-14.026024	120.0	120.0	1191999	-0.60972387	1.0717704	0.7684059	-7.662765	0.5793579	0.003894452	5099.23139333725
299	-8.8447695	1.1673511	-6.878765	-11.265449	-7.3448496	1.6915687	-5.066801	-10.340001	120.0	120.0	1195999	-0.6128656	1.074523	0.6981869	-10.897443	0.58065885	0.0035295682	5116.166939496994
300	-8.620762	1.5042152	-5.334778	-12.733578	-7.9047256	3.4752798	-4.753501	-17.471195	120.0	120.0	1199999	-0.5859064	1.0859648	0.7368927	-12.632656	0.55259866	0.0039554904	5133.9023678302765
301	-9.016849	2.5146117	-6.1967163	-16.390116	-6.3197556	1.4529634	-3.777861	-9.37136	120.0	120.0	1203999	-0.55805916	1.0870858	0.86909485	-9.648664	0.52525866	0.0038346238	5151.165864229202
302	-9.323401	2.1161366	-6.084865	-15.633816	-6.6508584	1.328527	-5.403392	-9.372051	120.0	120.0	1207999	-0.5552264	1.0930495	0.8519411	-8.781288	0.5233832	0.0040492276	5168.192720413208
303	-8.953304	2.0003583	-6.3007507	-15.010639	-7.261117	1.7273936	-4.6439486	-10.337635	120.0	120.0	1211999	-0.57693213	1.0829942	0.78914547	-8.031569	0.54646325	0.0043103686	5185.759414196014
304	-8.865765	2.5097094	-5.805022	-18.701021	-7.1113167	1.6354289	-4.614993	-9.999191	120.0	120.0	1215999	-0.6100129	1.0581107	0.75403976	-7.440417	0.58036596	0.0043469775	5202.730964899063
305	-9.706043	2.0293047	-5.7723575	-14.903661	-6.9577622	1.525775	-4.860943	-8.644343	120.0	120.0	1219999	-0.6672431	1.0370854	0.54371166	-8.575849	0.6390886	0.0037303667	5219.677042722702
306	-9.556201	1.978257	-6.257426	-12.779351	-8.233975	2.8311636	-4.317789	-15.300443	120.0	120.0	1223999	-0.70412743	1.031799	0.51474047	-9.201971	0.67482734	0.0036991125	5236.906041383743
307	-9.358167	1.48164	-5.8679676	-12.225026	-8.157289	1.5998284	-4.642366	-10.130241	120.0	120.0	1227999	-0.71949124	1.047864	0.5981636	-8.4620075	0.6893541	0.003310647	5253.925030231476
308	-9.488607	1.7103547	-6.8248296	-15.085668	-7.3676925	2.2747474	-4.0603223	-11.740789	120.0	120.0	1231999	-0.7118161	1.0525941	0.5527835	-8.658772	0.68127626	0.0037718797	5270.797974586487
309	-9.373189	1.7807808	-6.3322535	-13.693766	-7.4116287	1.5015475	-4.8993526	-10.404724	120.0	120.0	1235999	-0.69135725	1.0640873	0.535326	-8.151239	0.66048074	0.003315606	5288.286781549454
310	-8.260429	1.6749922	-5.456663	-12.573411	-6.700095	1.3179833	-4.540267	-9.238873	120.0	120.0	1239999	-0.68436635	1.064382	0.50163126	-7.7598925	0.6538008	0.0034741082	5306.044957876205
311	-8.510392	1.7834492	-5.8049355	-11.618404	-6.6995873	1.6534532	-4.2709208	-10.187552	120.0	120.0	1243999	-0.67353743	1.0719155	0.63094234	-8.5959635	0.64238524	0.0038170186	5323.012066364288
312	-9.277535	1.6999304	-6.0346785	-12.585278	-7.3399744	1.5927265	-4.8904824	-9.926381	120.0	120.0	1247999	-0.6619711	1.071383	0.73003197	-8.144495	0.6304776	0.0037054762	5340.396087884903
313	-8.272818	1.3839107	-5.739439	-11.59596	-6.040325	0.9193841	-4.964347	-8.39457	120.0	120.0	1251999	-0.65305036	1.0786242	2.3413239	-7.914852	0.6217691	0.004106322	5356.974987030029
314	-9.022746	1.8182428	-5.544024	-14.306474	-6.560768	1.110245	-4.611834	-8.072832	120.0	120.0	1255999	-0.66009086	1.0838382	1.1026535	-7.8782554	0.62988925	0.0038567719	5374.467433214188
315	-7.986382	1.6773472	-5.072152	-12.03631	-8.029224	3.1143193	-5.7753015	-15.799351	120.0	120.0	1259999	-0.6611646	1.1008315	0.8322725	-7.760112	0.62926334	0.004117142	5391.357309341431
316	-8.4881315	1.9878768	-4.9676538	-14.704166	-7.231787	2.2524853	-3.9906287	-11.645714	120.0	120.0	1263999	-0.63368124	1.1120859	0.8617506	-7.482445	0.60165614	0.0042377645	5408.247905492783
317	-8.254878	1.5870235	-5.1814604	-13.400038	-7.1609406	1.6976745	-4.3763094	-9.693328	120.0	120.0	1267999	-0.61725	1.1124924	1.0071373	-7.229794	0.5859374	0.0040395795	5425.681179523468
318	-7.688842	1.5545406	-5.502578	-10.845125	-6.6332946	0.7803774	-5.4755034	-8.267557	120.0	120.0	1271999	-0.6159882	1.1007415	2.3065634	-7.6612663	0.5842331	0.004415978	5442.633276462555
319	-7.902906	1.3245051	-5.8718915	-10.5982275	-6.8716154	1.5100235	-4.3120413	-9.402209	120.0	120.0	1275999	-0.6205129	1.098988	0.9266324	-7.7463517	0.58912355	0.0039811907	5459.638696432114
320	-7.8621798	1.774105	-5.767231	-14.898698	-5.951842	1.0139241	-4.4822016	-8.196528	120.0	120.0	1279999	-0.63571244	1.1023256	1.048368	-8.239877	0.60408545	0.004185977	5477.757968664169
321	-8.0749035	1.3844242	-5.3670216	-11.374321	-7.023514	1.1132623	-4.3021855	-8.539249	120.0	120.0	1283999	-0.62214595	1.0963397	0.7697077	-7.483453	0.590119	0.0037313048	5494.538514852524
322	-7.936607	1.4137366	-5.5436616	-11.756282	-6.516632	1.5152532	-4.499838	-9.729491	120.0	120.0	1287999	-0.6059165	1.1096764	0.8270736	-8.786561	0.57280207	0.004309371	5512.035266160965
323	-8.244361	1.6939211	-5.3769965	-12.608047	-6.2652965	1.4529059	-3.965824	-8.769806	120.0	120.0	1291999	-0.5827513	1.0953027	4.9737825	-8.3992605	0.5486499	0.004581707	5529.180532217026
324	-14.07839	9.995116	-5.208922	-37.037693	-26.610107	15.976781	-5.486051	-41.085228	120.0	120.0	1295999	-0.13418153	1.7030419	17.079609	-21.601383	0.022839112	0.027090477	5546.123098611832
325	-19.810637	6.45584	-8.426644	-29.084177	-23.49194	7.6144915	-8.400171	-29.775368	120.0	120.0	1299999	2.0217552	4.463069	26.191666	-12.234756	-2.2643778	0.19521432	5563.602698564529
326	-20.571405	5.454905	-7.6452723	-30.4633	-21.320354	5.796286	-11.601627	-29.32178	120.0	120.0	1303999	5.3220773	7.881221	28.63384	-7.7250338	-5.619581	0.81778747	5580.616044044495
327	-21.988121	5.1626844	-12.092779	-33.4927	-29.653568	4.5051303	-22.244034	-35.785225	120.0	120.0	1307999	6.363571	8.018064	29.283108	-5.929699	-6.584512	0.85143536	5597.808563947678
328	-29.874268	4.4712234	-23.294441	-39.70449	-33.53622	5.2039447	-25.92726	-42.882507	120.0	120.0	1311999	6.9075794	7.49548	36.644524	-7.878832	-7.1790614	0.7827156	5615.773933887482
329	-27.236036	4.098805	-19.768244	-35.155926	-20.84834	3.193076	-14.10864	-25.78873	120.0	120.0	1315999	7.6128554	6.8039937	33.513924	-7.603005	-7.8489676	0.742172	5633.011384725571
330	-23.85308	4.4974914	-10.441411	-34.24545	-21.942432	3.578609	-12.862347	-25.854765	120.0	120.0	1319999	7.0366693	5.4531217	25.520447	-10.768889	-7.2490234	0.63457006	5651.57873415947
331	-20.946815	3.571311	-14.379218	-31.20381	-23.928349	6.9072547	-13.143045	-32.452923	120.0	120.0	1323999	6.708365	4.050202	20.669558	-9.353817	-6.9169846	0.5170481	5669.584663152695
332	-24.887232	3.7754154	-17.36213	-31.948738	-31.505548	3.388447	-24.95046	-37.204193	120.0	120.0	1327999	6.907296	3.2278135	18.38354	-8.837814	-7.1066885	0.47926804	5687.521169662476
333	-28.118471	4.9515057	-20.43549	-39.79198	-28.181158	6.6739707	-11.3751	-33.76668	120.0	120.0	1331999	6.617412	3.13732	20.22643	-11.760334	-6.7969346	0.46565083	5705.884491682053
334	-27.035622	5.2484393	-16.97548	-37.371056	-21.12326	4.0145097	-16.465132	-26.585743	120.0	120.0	1335999	6.9586844	4.2462945	20.090899	-9.188324	-7.1976657	0.6740758	5723.172186136246
