Epoch	AverageEpRet	StdEpRet	MaxEpRet	MinEpRet	AverageTestEpRet	StdTestEpRet	MaxTestEpRet	MinTestEpRet	EpLen	TestEpLen	TotalEnvInteracts	AverageQVals	StdQVals	MaxQVals	MinQVals	LossPi	LossQ	Time
1	-27.975708	4.9296784	-19.292204	-38.069405	-20.596464	4.6012917	-15.365374	-30.134443	120.0	120.0	3999	-0.91123885	0.6914311	1.163326	-3.5815907	0.80970114	0.0033364792	9.832455158233643
2	-26.707586	6.153722	-14.777388	-41.63834	-17.02183	3.731909	-10.15768	-22.256453	120.0	120.0	7999	-1.7965809	1.1077604	1.5976651	-5.646892	1.6246057	0.0063565867	22.833067178726196
3	-23.620472	8.317355	-8.378546	-38.34191	-17.513107	8.878625	-4.337974	-29.601122	120.0	120.0	11999	-1.9188303	1.4294901	3.319838	-6.651136	1.7441838	0.009380049	36.60864520072937
4	-15.554524	5.602486	-6.9639997	-26.946844	-12.618971	6.7723956	-4.497019	-24.990978	120.0	120.0	15999	-1.8154869	1.6435173	3.1682189	-6.8367405	1.6666672	0.011646484	50.636932134628296
5	-14.1306505	6.2327704	-5.898354	-32.011234	-12.659096	6.065388	-4.4858274	-25.643927	120.0	120.0	19999	-1.7881552	1.6561034	2.8438723	-7.2363744	1.6603526	0.014625562	64.6593427658081
6	-11.545566	4.6060185	-4.672232	-24.59889	-10.256927	3.6077015	-7.1241965	-17.695795	120.0	120.0	23999	-1.773812	1.6819456	2.2764373	-8.146432	1.6570125	0.016927857	78.6715977191925
7	-12.616409	5.536678	-4.4612455	-28.338436	-10.688074	3.761514	-5.5387125	-15.826435	120.0	120.0	27999	-1.6820104	1.6025621	1.8594484	-7.7958827	1.5719044	0.016079336	92.60091400146484
8	-12.523677	5.0376096	-4.2143264	-31.779335	-10.053663	3.935219	-3.9891965	-18.48931	120.0	120.0	31999	-1.6748617	1.514719	1.2908992	-7.848532	1.5765326	0.016308963	106.42972350120544
9	-10.6669	4.91352	-5.1343946	-27.840994	-13.859698	8.135382	-3.8251214	-27.657354	120.0	120.0	35999	-1.7167841	1.4974667	1.0397301	-7.653201	1.6258157	0.015809456	120.33811736106873
10	-14.090646	7.338605	-5.2578855	-32.57149	-11.8351145	6.2718062	-5.942649	-29.410452	120.0	120.0	39999	-1.7382249	1.4871818	1.9102665	-8.002766	1.6494898	0.01718423	134.46090364456177
11	-12.269453	4.6866174	-5.013631	-29.155396	-10.498356	7.1273575	-3.0030072	-28.406914	120.0	120.0	43999	-1.7406763	1.56198	2.3782513	-7.8780904	1.6554421	0.019790929	148.4430251121521
12	-12.240331	5.2423363	-4.6837926	-28.16914	-12.915515	3.275808	-6.423143	-17.787806	120.0	120.0	47999	-1.7035538	1.5933566	2.3562841	-8.400758	1.6187723	0.019954463	162.50995659828186
13	-13.92631	7.3784156	-5.1498456	-38.928303	-8.323439	2.150098	-4.7306104	-12.012822	120.0	120.0	51999	-1.6866053	1.5953333	2.5683374	-8.530515	1.6069304	0.021541687	176.52384519577026
14	-10.360343	3.5911274	-5.86103	-21.651344	-7.3615594	1.9024332	-4.7614574	-11.027974	120.0	120.0	55999	-1.7130288	1.5864357	1.1983564	-8.490162	1.6369517	0.02184499	190.62045669555664
15	-9.49798	3.0913792	-3.1165037	-17.435072	-6.8749514	2.065724	-3.669036	-10.283338	120.0	120.0	59999	-1.7057674	1.5507901	0.9844729	-8.586752	1.6303728	0.021218376	204.29314279556274
16	-8.950688	1.9160328	-5.3189616	-14.83646	-8.838075	2.9178205	-4.016832	-14.957604	120.0	120.0	63999	-1.6828148	1.4485584	1.0879647	-7.8618574	1.6131196	0.021173421	217.9742624759674
17	-12.690118	4.972862	-5.7443132	-23.867441	-10.469652	4.5867505	-2.589844	-18.05953	120.0	120.0	67999	-1.660101	1.4160483	1.6163611	-8.005111	1.5873506	0.018888509	231.61562848091125
18	-11.275317	6.393614	-4.614601	-35.139473	-11.507871	1.4462404	-8.554307	-13.530978	120.0	120.0	71999	-1.6356047	1.4872876	1.9088631	-9.39783	1.5677382	0.018354855	245.28840470314026
19	-12.03846	4.9432154	-5.72985	-27.573072	-7.424247	1.9048331	-4.4130034	-9.98431	120.0	120.0	75999	-1.6379137	1.5171531	2.0999115	-8.993334	1.5690405	0.019543232	258.88600039482117
20	-9.61347	4.4452033	-4.082915	-23.739872	-7.224328	1.7596533	-4.301626	-9.90204	120.0	120.0	79999	-1.5832391	1.502203	2.275861	-9.010874	1.5167837	0.018468987	272.70607113838196
21	-10.392969	4.179679	-6.006407	-21.716974	-9.817205	4.7849717	-4.5098057	-19.02829	120.0	120.0	83999	-1.5693783	1.422101	1.3251715	-8.823168	1.5053797	0.018705765	286.47013688087463
22	-9.82517	3.5287757	-4.568086	-18.83454	-8.080687	1.5812349	-5.222915	-10.517664	120.0	120.0	87999	-1.601991	1.417145	0.8889827	-8.998407	1.5400741	0.018193122	299.99539375305176
23	-9.663177	2.209983	-6.3917665	-16.92629	-6.6106997	1.5297582	-3.0843503	-8.249925	120.0	120.0	91999	-1.6284909	1.4510427	0.76307845	-8.568769	1.5688391	0.018863136	313.6781551837921
24	-9.611055	2.8230584	-4.939737	-16.610018	-8.712753	2.6970575	-2.3157067	-11.408194	120.0	120.0	95999	-1.6360917	1.4173152	0.8080028	-8.804079	1.577735	0.018917201	327.3146424293518
25	-10.200574	3.3190362	-6.102782	-17.95929	-6.2208014	2.282588	-3.2685359	-10.223786	120.0	120.0	99999	-1.6296064	1.4094974	1.2246284	-8.656681	1.5718064	0.019471383	340.9704773426056
26	-9.323527	3.0734606	-5.933927	-18.822245	-6.807116	1.8811848	-4.20527	-9.452559	120.0	120.0	103999	-1.5943274	1.345256	1.5101714	-8.606734	1.5361047	0.017717198	354.6763710975647
27	-9.996187	4.61976	-4.0568647	-28.743097	-7.1987276	1.9754956	-4.0867662	-10.958077	120.0	120.0	107999	-1.5528957	1.3003614	2.9007597	-8.590435	1.4949536	0.017637845	368.3461318016052
28	-10.6225815	5.139087	-3.7039216	-25.085833	-11.5236845	6.4385033	-3.3872383	-27.5896	120.0	120.0	111999	-1.502909	1.3310325	2.6225197	-8.381132	1.4425137	0.016946936	381.9661703109741
29	-12.509555	5.96946	-5.0417953	-30.088137	-8.740923	2.9169726	-4.59504	-15.475523	120.0	120.0	115999	-1.4609222	1.3441104	1.8155425	-8.297586	1.4006734	0.01709638	395.6184697151184
30	-9.934278	3.4158127	-4.601871	-21.492863	-8.9046135	3.305332	-4.7981024	-13.19137	120.0	120.0	119999	-1.4500436	1.3842518	1.9759512	-8.479864	1.3931078	0.019980328	409.48687744140625
31	-10.041294	4.0123086	-4.993204	-24.723654	-8.626845	6.0966654	-2.8480666	-22.050814	120.0	120.0	123999	-1.4349611	1.3492353	4.0683703	-8.400853	1.3733122	0.019713484	423.22030210494995
32	-10.085535	5.1848984	-4.4663644	-24.993795	-12.275894	7.346235	-5.0295525	-25.113567	120.0	120.0	127999	-1.4444387	1.3199177	2.3347707	-9.248563	1.389336	0.017786667	436.83774971961975
33	-8.111613	2.8255036	-2.9577873	-16.504786	-6.995762	2.1369886	-3.306896	-10.808691	120.0	120.0	131999	-1.511256	1.3631301	0.8974466	-8.414199	1.4593166	0.018523065	450.57420659065247
34	-8.509132	1.8515452	-5.294944	-12.9266815	-8.045895	2.5475042	-4.33592	-12.604137	120.0	120.0	135999	-1.5132114	1.3403215	0.40248984	-8.434399	1.4600542	0.018331746	464.19212079048157
35	-8.657443	2.403892	-4.053736	-13.762368	-8.610033	1.9672229	-4.111024	-11.48569	120.0	120.0	139999	-1.4929248	1.3185031	0.602165	-8.647433	1.4395897	0.016865086	477.98584055900574
36	-9.222099	2.6668742	-5.478701	-16.65289	-8.4510145	5.87017	-3.3977578	-24.049934	120.0	120.0	143999	-1.4877071	1.3180983	0.43219495	-8.7309	1.437524	0.016264388	491.5964107513428
37	-9.141434	2.477528	-5.033745	-15.376943	-7.8381014	2.0142343	-4.679757	-11.12421	120.0	120.0	147999	-1.5151931	1.3668045	0.71639884	-8.850756	1.4666638	0.017505711	505.3625566959381
38	-8.474258	2.08071	-4.084641	-12.967522	-6.1617656	2.3012905	-3.1833334	-11.886347	120.0	120.0	151999	-1.5033829	1.3789053	1.3226274	-8.163427	1.4543898	0.017834991	519.1064009666443
39	-8.913188	2.0242813	-5.487249	-13.553522	-7.6316323	1.7635994	-4.529843	-9.970981	120.0	120.0	155999	-1.4756145	1.3717916	1.9229006	-8.362341	1.424187	0.016739482	532.7259860038757
40	-8.803843	3.568715	-4.1899676	-25.433191	-6.087656	2.0949633	-3.095503	-10.728778	120.0	120.0	159999	-1.4407011	1.3329102	1.7339442	-7.9122133	1.3923813	0.018456265	546.7367594242096
41	-9.405064	3.7857451	-5.5762873	-22.10269	-6.4247465	2.2536263	-2.1409273	-9.539246	120.0	120.0	163999	-1.4517269	1.3515091	1.0258589	-8.015231	1.4042748	0.016380427	560.3072674274445
42	-7.8025055	1.536163	-5.4284954	-11.234115	-6.6079316	1.6053804	-3.7962565	-8.267834	120.0	120.0	167999	-1.4662246	1.3460332	0.41725564	-7.9633093	1.4197428	0.01661515	574.0297348499298
43	-8.56032	2.166234	-5.0087166	-14.587916	-6.5459876	2.8366518	-2.2602284	-12.845032	120.0	120.0	171999	-1.4524835	1.3170254	0.6727296	-7.9903717	1.406168	0.015836138	587.8032307624817
44	-8.004885	2.025907	-4.510873	-13.289495	-6.8974867	1.7121336	-4.466827	-9.575964	120.0	120.0	175999	-1.4506699	1.3201182	0.41513777	-8.054505	1.4044334	0.015807789	601.3831088542938
45	-8.181081	2.047227	-4.968423	-13.1025915	-6.03782	1.6567398	-4.1614723	-9.58933	120.0	120.0	179999	-1.437524	1.3098127	1.5012599	-8.371422	1.3915132	0.015888238	615.2035455703735
46	-8.021174	3.147444	-3.3251028	-20.4636	-9.040336	3.1487904	-4.484472	-15.517085	120.0	120.0	183999	-1.4004818	1.3284659	2.3968592	-8.315542	1.3512578	0.015028757	629.1242220401764
47	-8.627929	2.3642092	-4.2504907	-14.171604	-6.814601	2.0382905	-4.296351	-10.024517	120.0	120.0	187999	-1.2991747	1.3744246	1.7538658	-8.230528	1.2501339	0.01506412	642.7045524120331
48	-8.985853	2.8710518	-4.7384963	-19.012062	-6.004515	1.855622	-3.2649927	-10.2867565	120.0	120.0	191999	-1.2596081	1.3490591	1.5336112	-8.528393	1.2136425	0.014688145	656.3301928043365
49	-9.227043	3.6477208	-4.5295954	-23.211428	-6.377379	2.2173593	-2.560052	-10.166805	120.0	120.0	195999	-1.2706786	1.3265412	1.4060252	-9.201426	1.2242143	0.0145483855	670.1451451778412
50	-8.148524	2.3224773	-4.293829	-13.448642	-7.049754	1.8082334	-5.1744485	-11.519406	120.0	120.0	199999	-1.2630153	1.2957286	0.979988	-10.35777	1.2174978	0.012689499	683.846839427948
51	-7.9602113	2.3281512	-4.4021335	-16.880495	-6.0550175	2.4472907	-2.0059218	-9.745782	120.0	120.0	203999	-1.2988791	1.2996505	1.2565857	-8.472291	1.256732	0.014011709	697.5294241905212
52	-7.5838337	2.5028555	-4.7352715	-13.030038	-6.346973	3.5971444	-2.5368505	-12.946873	120.0	120.0	207999	-1.3147552	1.3015952	1.0393251	-8.612659	1.2709556	0.01419573	711.3713552951813
53	-8.47725	4.3382716	-4.125735	-22.380812	-7.887905	5.093873	-3.7500956	-22.030165	120.0	120.0	211999	-1.3085395	1.2680355	0.49037755	-8.752619	1.2661508	0.013314606	724.9867823123932
54	-7.9696307	3.2479424	-4.518984	-22.326443	-6.5820174	1.1535196	-4.476465	-8.763544	120.0	120.0	215999	-1.3421586	1.2815698	0.7756094	-8.374175	1.3013003	0.013067913	738.6416137218475
55	-7.911834	2.0238664	-3.595906	-11.75396	-6.3370485	2.4450917	-1.7170867	-12.017695	120.0	120.0	219999	-1.3362242	1.2848363	0.82193196	-8.651264	1.293641	0.014019399	752.3769176006317
56	-7.6287	2.1869566	-4.1693115	-12.526993	-4.7835264	2.1994424	-2.6340175	-9.128931	120.0	120.0	223999	-1.3227576	1.2690423	0.64471936	-8.643994	1.281582	0.012908411	766.1638038158417
57	-8.029217	2.2887752	-3.5990927	-14.866604	-6.1536756	1.684673	-3.4777265	-10.005575	120.0	120.0	227999	-1.3342794	1.2803632	1.4554223	-8.5008	1.2943007	0.014677822	779.7603571414948
58	-7.277168	2.2029157	-3.851744	-12.217203	-7.3443117	2.6233587	-3.8015838	-13.502115	120.0	120.0	231999	-1.3253305	1.2901864	0.82987154	-8.891665	1.2838534	0.013310573	793.4190964698792
59	-7.0620446	1.9564595	-4.3665943	-11.897351	-7.832437	2.381584	-3.8352475	-10.229881	120.0	120.0	235999	-1.3086522	1.2921017	1.1079156	-8.619291	1.2685448	0.013223723	807.2378890514374
60	-8.105479	2.1300516	-4.0457954	-11.728661	-8.301131	4.79518	-3.6115048	-21.424757	120.0	120.0	239999	-1.3039931	1.2871906	1.2125398	-8.06291	1.2641909	0.013125563	821.0258033275604
61	-8.236358	2.4800289	-3.7597892	-14.715985	-6.574463	2.4654872	-3.4632196	-12.023253	120.0	120.0	243999	-1.2986261	1.2821342	1.0812218	-8.673286	1.2582449	0.014384453	834.6629614830017
62	-7.9124637	2.1529737	-4.304696	-11.701219	-6.8136163	2.3164868	-3.0261905	-9.94426	120.0	120.0	247999	-1.2962695	1.2715502	0.43988335	-9.2654085	1.2564379	0.013336935	848.4579145908356
63	-7.734847	1.8619214	-4.425587	-11.29657	-6.5943575	2.4981267	-3.6357534	-10.768879	120.0	120.0	251999	-1.3006306	1.2741975	0.93303967	-9.258118	1.2616307	0.013571838	862.220251083374
64	-7.6618743	2.0807002	-3.980225	-11.728196	-6.517932	1.2233169	-4.2931256	-7.838845	120.0	120.0	255999	-1.297382	1.274536	1.2804254	-10.014734	1.2590202	0.013392153	875.7091181278229
65	-8.209905	2.284454	-3.5326564	-13.883792	-7.0848794	2.138897	-3.452257	-10.3311	120.0	120.0	259999	-1.2912785	1.280221	0.83126163	-8.135524	1.2532051	0.013654259	889.4146523475647
66	-7.4683175	1.8518219	-4.6334662	-12.455615	-6.917086	1.7062868	-3.8196528	-9.966289	120.0	120.0	263999	-1.2774491	1.2682025	0.3649124	-8.221852	1.2390953	0.011578543	903.1493806838989
67	-7.1413527	2.157182	-3.7015095	-12.049161	-6.38902	1.3265443	-4.284378	-8.960649	120.0	120.0	267999	-1.271682	1.2567136	1.1084849	-8.818015	1.2341805	0.011696605	917.0263395309448
68	-7.3918905	1.9049747	-4.0808916	-11.62486	-6.4600663	2.327288	-3.6578887	-10.298055	120.0	120.0	271999	-1.2782418	1.2592573	0.6533258	-8.701883	1.2410675	0.012039499	930.6240227222443
69	-7.9465637	1.9112471	-4.158512	-11.29918	-5.8044395	1.8877306	-3.2954125	-9.219044	120.0	120.0	275999	-1.2616919	1.2645882	0.42327583	-9.367778	1.2242546	0.012295351	944.2706906795502
70	-7.6884212	2.2053487	-4.3882127	-11.988535	-5.755182	2.020881	-2.3702295	-9.2212715	120.0	120.0	279999	-1.252332	1.2591908	0.33985937	-8.23561	1.215355	0.012023189	958.2977004051208
71	-7.7180576	3.27093	-3.6941166	-20.790562	-6.7482224	1.7224042	-3.828525	-9.138687	120.0	120.0	283999	-1.2409651	1.2417679	0.37839603	-8.307005	1.203756	0.011779283	972.0931732654572
72	-7.0822883	2.0358107	-4.203478	-12.256327	-6.4547563	1.6065996	-4.2031784	-8.885093	120.0	120.0	287999	-1.2307862	1.2595243	0.460104	-8.627501	1.1938549	0.011628538	985.5208349227905
73	-7.4360957	2.196809	-3.736131	-11.896282	-5.5390515	1.6787812	-3.291534	-8.091247	120.0	120.0	291999	-1.2256707	1.2585757	0.23182952	-8.305116	1.1891471	0.010834484	999.1339724063873
74	-7.9027543	2.3775191	-3.5127673	-13.43421	-5.8906765	2.3945682	-2.1304395	-9.494714	120.0	120.0	295999	-1.2223362	1.2609044	0.1186744	-8.692488	1.1862334	0.011356814	1013.009640455246
75	-6.8245125	1.957317	-4.1623926	-10.974219	-6.390082	1.5250216	-3.9620247	-9.144954	120.0	120.0	299999	-1.2123566	1.2732598	0.18084002	-8.914653	1.1763334	0.011262708	1026.755384683609
76	-7.038852	1.9460785	-3.958049	-11.736584	-5.670189	2.1044192	-2.5341024	-9.383597	120.0	120.0	303999	-1.1953404	1.2569984	0.29965603	-8.983843	1.1597432	0.011009361	1040.325207233429
77	-7.2846584	2.2315123	-4.4308248	-11.484938	-5.402584	2.5306168	-2.2819595	-9.188208	120.0	120.0	307999	-1.1951877	1.2566917	0.2771654	-8.527994	1.1598301	0.010697056	1053.9603300094604
78	-7.487526	2.4122617	-3.9979231	-12.329928	-5.1969376	1.570035	-2.561722	-8.240019	120.0	120.0	311999	-1.1910129	1.2380825	0.27202523	-9.737074	1.1559951	0.01032613	1067.7701427936554
79	-7.755162	2.133854	-3.9500751	-11.816656	-6.5391245	2.172573	-4.096217	-9.7974	120.0	120.0	315999	-1.1905375	1.2355067	0.8839917	-8.7396755	1.1560497	0.011038879	1081.5292892456055
80	-7.699058	1.6939764	-4.413068	-10.749239	-5.9080677	1.6534153	-3.2409194	-8.369712	120.0	120.0	319999	-1.178094	1.2346534	1.505226	-9.292606	1.1430815	0.010885584	1095.4216814041138
81	-7.269146	2.2128792	-3.1891966	-11.386262	-7.2031355	2.2936018	-3.712183	-11.019903	120.0	120.0	323999	-1.1617352	1.2306123	1.464215	-8.437385	1.1268817	0.011421097	1108.984516620636
82	-8.629626	2.827791	-3.8726633	-16.794325	-6.402995	3.3951643	-1.7895571	-12.441607	120.0	120.0	327999	-1.1541764	1.2271662	0.89311075	-8.858067	1.1187563	0.010291541	1122.7091977596283
83	-8.077708	2.833741	-4.2684226	-15.659239	-6.501645	1.9542298	-4.011772	-9.642961	120.0	120.0	331999	-1.1441834	1.22577	0.50890684	-9.863455	1.1083262	0.010457765	1136.4638164043427
84	-7.666407	2.508496	-3.07409	-14.614318	-5.8029532	1.6149273	-2.925554	-8.084147	120.0	120.0	335999	-1.1582829	1.2300165	0.4432907	-9.198233	1.1238382	0.010507593	1150.3258469104767
85	-7.9109006	1.8477571	-4.1182475	-10.859155	-6.0735245	2.0398748	-2.9776442	-10.280381	120.0	120.0	339999	-1.1659863	1.2404752	0.80506015	-8.825887	1.1315569	0.010789446	1163.909007549286
86	-7.4428062	1.6454852	-3.3078895	-10.456647	-7.367011	2.196089	-3.373808	-9.8280945	120.0	120.0	343999	-1.1590691	1.2323197	0.61461294	-9.829733	1.1251084	0.010209593	1177.6292207241058
87	-6.821705	1.7327615	-3.7998812	-10.597469	-7.6233153	1.8220795	-4.079788	-9.321251	120.0	120.0	347999	-1.1615976	1.2300922	0.32084024	-8.503179	1.1275147	0.010400103	1191.4385516643524
88	-7.9496922	1.9189645	-3.28696	-12.00511	-4.590226	1.7013965	-2.1842713	-7.1225376	120.0	120.0	351999	-1.1346436	1.2354571	0.6573819	-8.746194	1.0993049	0.009866665	1205.235919713974
89	-7.113672	2.1290438	-3.5567794	-12.493927	-6.701371	2.2745032	-3.4737048	-10.698767	120.0	120.0	355999	-1.1054593	1.2236454	0.6889882	-8.180273	1.0702038	0.009243494	1219.1648111343384
90	-7.9603996	2.0425913	-4.5767756	-14.891222	-6.617888	1.8898098	-4.5391207	-10.938096	120.0	120.0	359999	-1.0801703	1.2182869	0.591517	-8.485127	1.044886	0.009387265	1232.9399001598358
91	-7.020934	1.8019261	-3.869079	-11.878661	-5.7516737	2.4699178	-1.8745486	-9.8678875	120.0	120.0	363999	-1.0786666	1.2208856	0.960907	-8.361497	1.0442628	0.009676045	1245.811197757721
92	-8.051376	2.0938745	-4.420968	-13.889581	-6.77497	2.3947723	-3.5552816	-10.4444685	120.0	120.0	367999	-1.0861326	1.2077491	0.6818125	-8.591103	1.0521024	0.010111801	1258.6696255207062
93	-8.025626	2.3395956	-2.8814554	-13.450932	-6.408062	2.0952468	-2.639718	-9.114049	120.0	120.0	371999	-1.088528	1.2162913	0.5262779	-9.536486	1.0547343	0.009983545	1271.3490660190582
94	-8.011981	1.8818173	-5.099753	-11.992988	-6.2226415	2.407428	-2.5520122	-10.448613	120.0	120.0	375999	-1.1020958	1.2119492	1.2122076	-8.05687	1.0694596	0.009447247	1284.1520228385925
95	-7.4418716	2.5067651	-3.0639935	-12.290331	-5.5614347	2.4197702	-1.6535867	-8.588777	120.0	120.0	379999	-1.11881	1.2065723	0.34160376	-8.688906	1.0865902	0.010229544	1296.9661929607391
96	-7.661927	1.9032762	-3.6613815	-10.821401	-6.4069777	2.3605192	-2.2221549	-9.047848	120.0	120.0	383999	-1.1235964	1.2136344	0.31655312	-8.707318	1.0907215	0.008921843	1309.823435306549
97	-7.152652	1.8414549	-4.168039	-10.68468	-6.473376	1.5279975	-2.756594	-8.549292	120.0	120.0	387999	-1.1182842	1.2016387	0.3438053	-8.604235	1.0854557	0.010256079	1322.7034368515015
98	-7.3131804	2.3072891	-3.164894	-11.968516	-7.3878655	2.0363283	-3.1085472	-9.514359	120.0	120.0	391999	-1.1155307	1.2080282	0.37272644	-8.734943	1.0827035	0.009715675	1335.530883550644
99	-7.247008	1.8013438	-3.604731	-10.027258	-5.950383	2.3174381	-3.0637836	-10.219469	120.0	120.0	395999	-1.1132032	1.2012761	0.38088155	-8.543039	1.0812091	0.009954411	1348.4080374240875
100	-7.448637	1.8211492	-3.7479603	-10.648586	-6.621132	1.8229033	-2.7935798	-9.445812	120.0	120.0	399999	-1.1121215	1.2037388	0.35447288	-9.024548	1.0803567	0.0099853445	1361.4594776630402
101	-7.4615107	2.1018493	-3.8729203	-15.004612	-5.2439013	1.7345548	-2.608711	-9.115909	120.0	120.0	403999	-1.1126844	1.2083094	1.4903023	-8.760925	1.0798042	0.009527694	1374.2768106460571
102	-7.7285004	2.3968883	-3.993796	-13.523802	-5.8895187	1.5942981	-2.833926	-8.814386	120.0	120.0	407999	-1.078593	1.1810747	1.2782562	-9.002716	1.043753	0.008740694	1387.1337311267853
103	-7.480315	2.1745281	-3.4749026	-11.900485	-6.2608457	2.681579	-3.5655103	-12.320473	120.0	120.0	411999	-1.0829232	1.195958	0.53569317	-9.288415	1.0501941	0.0094802305	1399.9328536987305
104	-7.4092975	1.97649	-4.156043	-11.365815	-5.88629	1.673464	-3.7654881	-8.658779	120.0	120.0	415999	-1.0749503	1.1934963	0.38620615	-8.963763	1.0423918	0.00917797	1412.7143921852112
105	-7.5023355	2.1491652	-4.331236	-12.026798	-5.9454155	1.6748494	-3.9492393	-9.146407	120.0	120.0	419999	-1.0870302	1.1936857	0.3628149	-8.859954	1.0552688	0.008864013	1425.548355102539
106	-7.807812	1.7003047	-4.367435	-10.690074	-5.7751303	1.3118411	-3.5161388	-8.067388	120.0	120.0	423999	-1.0839194	1.1920916	0.8862212	-9.083536	1.0507965	0.00940602	1438.4169301986694
107	-8.641398	2.4828339	-4.831633	-14.6294775	-5.714056	1.9758587	-3.487704	-8.516678	120.0	120.0	427999	-1.0726593	1.1859226	0.5025556	-9.105838	1.0403633	0.009819842	1451.292231798172
108	-7.814454	1.8991088	-4.5292974	-12.075168	-5.7526054	1.8954264	-3.0027258	-8.556018	120.0	120.0	431999	-1.0796047	1.2036321	0.58351326	-8.842325	1.0480293	0.009147322	1464.1566135883331
109	-7.756471	1.9850619	-3.6394603	-12.909264	-6.319691	2.962721	-2.4976861	-11.58242	120.0	120.0	435999	-1.0756536	1.1982374	0.8864784	-8.402731	1.0440176	0.008864	1477.0417685508728
110	-6.9778867	1.8363255	-3.786288	-11.094227	-6.3538427	2.522249	-3.068467	-12.011323	120.0	120.0	439999	-1.0696989	1.1994789	1.2839804	-9.502175	1.038473	0.009293382	1490.170206785202
111	-7.9450855	2.3848894	-4.4788585	-15.270282	-6.126176	2.2191238	-3.6277108	-10.442883	120.0	120.0	443999	-1.0730864	1.1893854	0.5515301	-8.557641	1.0415202	0.009310033	1503.0164783000946
112	-7.418277	1.8733172	-4.113562	-10.69937	-6.647662	1.9160821	-3.350039	-9.53394	120.0	120.0	447999	-1.0739553	1.19605	0.73365474	-8.393751	1.0427252	0.009024775	1515.8717403411865
113	-7.7275343	1.8489523	-4.7593803	-11.693041	-6.182116	1.5056514	-3.1002383	-8.686973	120.0	120.0	451999	-1.0670631	1.1947147	0.50918865	-8.447639	1.0353612	0.008652794	1528.6739785671234
114	-7.818581	2.257276	-4.285683	-15.169468	-6.7531304	1.7752042	-3.3435783	-9.35116	120.0	120.0	455999	-1.0625778	1.1860528	0.6435001	-8.2901	1.0325841	0.009099888	1541.4666492938995
115	-8.056511	2.8828301	-3.187683	-14.8043375	-5.3793144	1.5945641	-3.5167215	-7.9944787	120.0	120.0	459999	-1.0711616	1.1752486	0.63791966	-9.081138	1.0405332	0.009631305	1554.3274347782135
116	-7.488447	2.3485572	-4.071039	-15.943631	-6.2527666	1.9353578	-3.0632474	-10.039938	120.0	120.0	463999	-1.0798829	1.1656371	0.34055614	-8.793465	1.0495139	0.008676433	1567.192135810852
117	-7.6246905	2.0632284	-2.7708197	-11.010673	-6.6042147	2.3234172	-2.721351	-10.572622	120.0	120.0	467999	-1.0918113	1.1713704	0.15185857	-8.412733	1.0619365	0.0096275	1580.0760242938995
118	-8.054884	2.184612	-3.9981582	-12.851104	-6.0944443	2.0622017	-3.7861106	-9.505044	120.0	120.0	471999	-1.0906779	1.1841851	0.51664186	-8.669842	1.0606076	0.00948617	1592.9498105049133
119	-8.023924	1.999719	-4.6456456	-11.621757	-6.0274053	2.5191774	-2.9837413	-11.11884	120.0	120.0	475999	-1.0907663	1.179161	0.35348487	-9.555362	1.0604211	0.0096639665	1606.0426723957062
120	-7.7387786	1.9871569	-3.6625192	-11.101588	-5.926632	2.0481188	-2.9067345	-10.17605	120.0	120.0	479999	-1.0847126	1.1654333	0.23472023	-8.542584	1.0540096	0.008911074	1619.609953403473
121	-7.988876	1.8993378	-4.413355	-11.694955	-4.986245	1.6706834	-2.578919	-8.971284	120.0	120.0	483999	-1.072059	1.1680524	0.51237535	-9.296702	1.0411447	0.008826948	1632.7919566631317
122	-7.8673134	2.4798684	-3.2947826	-11.481038	-6.6138825	2.3924267	-2.5954416	-10.518876	120.0	120.0	487999	-1.0661193	1.1786351	1.0581658	-9.130814	1.0352688	0.008876473	1645.9700927734375
123	-7.4314284	3.0627255	-3.4644125	-17.865135	-6.305234	2.852333	-2.436249	-12.01602	120.0	120.0	491999	-1.051677	1.1697252	3.0550966	-8.832056	1.0208228	0.009814139	1659.0608656406403
124	-9.0788	3.4482985	-4.6585565	-19.97209	-8.429376	6.118975	-3.0913935	-25.76135	120.0	120.0	495999	-1.0414515	1.162541	3.7970061	-10.015646	1.0098208	0.007778077	1672.4282093048096
125	-8.317795	2.5440104	-3.8264637	-15.147441	-5.816475	2.3719664	-3.0688112	-9.623646	120.0	120.0	499999	-0.92526984	1.2018998	3.062543	-9.088035	0.8842297	0.010209528	1685.8828883171082
126	-8.474813	3.0509262	-4.109529	-15.225612	-7.045316	2.7712197	-2.9823356	-11.532263	120.0	120.0	503999	-0.8599304	1.2105098	2.627233	-10.114181	0.824594	0.0093330415	1699.266513824463
127	-8.649425	2.9233007	-4.0270777	-15.034986	-5.003174	1.5658121	-2.396173	-7.1416373	120.0	120.0	507999	-0.858233	1.1236218	2.8628292	-10.370771	0.8228903	0.008915236	1712.7480432987213
128	-8.71331	4.5729356	-3.3311791	-23.407911	-6.239284	2.2958865	-3.7345827	-11.037892	120.0	120.0	511999	-0.9090598	1.1265486	0.95852685	-10.062727	0.8760078	0.008219427	1726.0792315006256
129	-8.185544	2.9683952	-4.2718554	-15.290518	-6.5270796	2.8541455	-2.7876122	-11.700783	120.0	120.0	515999	-0.93295765	1.1425687	1.2007816	-10.625296	0.90050566	0.008564288	1739.2710974216461
130	-6.944232	1.9839014	-3.7404487	-12.196765	-6.542535	2.2519228	-1.9071306	-8.8523035	120.0	120.0	519999	-0.94490737	1.1308604	0.84823203	-10.869662	0.9132971	0.008693989	1752.9996557235718
131	-7.577471	2.2478406	-3.297219	-12.910377	-6.7035522	3.3651922	-3.2237236	-12.96846	120.0	120.0	523999	-0.98581713	1.1572925	0.3710289	-8.999538	0.9563755	0.008583172	1766.2759778499603
132	-7.098781	2.113138	-3.4561083	-13.007619	-6.2565184	2.6494653	-3.0358598	-10.692659	120.0	120.0	527999	-1.011725	1.1634299	0.28955197	-8.672459	0.98214674	0.008868509	1779.570143699646
133	-7.925233	2.0481308	-4.2945557	-12.441237	-5.309742	1.9440602	-2.812472	-8.980915	120.0	120.0	531999	-1.0219417	1.1679876	0.5347738	-8.71166	0.9917161	0.009062413	1792.7450823783875
134	-6.980184	2.2523153	-3.2741413	-11.161707	-5.0498247	1.9409829	-2.2512002	-8.851916	120.0	120.0	535999	-1.0182264	1.1644845	0.8820205	-8.545415	0.9877444	0.0087965205	1806.0491795539856
135	-7.818985	1.8894836	-4.5217814	-12.3942	-5.7646494	1.6091101	-3.9700615	-8.795023	120.0	120.0	539999	-1.005484	1.1723598	0.44465423	-8.928628	0.9741647	0.008800547	1819.5857326984406
136	-7.5937424	1.9768611	-4.142427	-11.554501	-6.4871206	1.8558756	-4.151533	-8.954338	120.0	120.0	543999	-0.98560417	1.170867	0.44933486	-8.95973	0.954729	0.008783106	1832.9596319198608
137	-7.834505	1.8739247	-4.5294147	-11.757152	-6.8542266	1.3022965	-4.313926	-9.177462	120.0	120.0	547999	-0.991134	1.157473	0.31405735	-8.918385	0.96040064	0.008753531	1846.2729575634003
138	-7.716623	2.2702715	-3.5559473	-12.6541395	-7.599393	2.0311382	-4.6218452	-10.39077	120.0	120.0	551999	-0.99599844	1.1519636	0.42095017	-10.207214	0.96550536	0.008030584	1859.6806995868683
139	-8.474341	2.4712148	-4.7058673	-17.961452	-6.9600325	1.7723199	-4.5991993	-10.591129	120.0	120.0	555999	-1.0168383	1.1620399	0.3181808	-8.725218	0.986916	0.00880145	1873.0104422569275
140	-7.431922	2.4621964	-3.4077768	-12.316596	-5.5486684	1.9775542	-2.8174133	-8.811791	120.0	120.0	559999	-1.0152798	1.1547073	0.17391324	-8.814065	0.98569405	0.008558209	1886.6945123672485
141	-7.078964	2.191001	-3.7324388	-12.333372	-6.126195	2.996269	-1.7013704	-10.657824	120.0	120.0	563999	-1.019512	1.1542637	3.4084606	-9.361355	0.9908094	0.009039676	1900.0859940052032
142	-8.173793	3.418608	-3.7150238	-18.092363	-8.735828	4.723113	-2.615367	-20.906355	120.0	120.0	567999	-1.0100871	1.1774774	4.3216753	-8.7417345	0.9772034	0.008961308	1913.5761637687683
143	-8.236588	2.9378145	-3.0846233	-15.591985	-6.76495	1.3758034	-4.819829	-8.831244	120.0	120.0	571999	-0.91817623	1.2468444	1.8215866	-9.744619	0.8847853	0.010184505	1926.9176473617554
144	-8.086711	2.532155	-3.8834732	-12.712735	-6.546908	1.773309	-3.9857638	-10.258911	120.0	120.0	575999	-0.9198638	1.2081351	1.2836819	-9.153133	0.8893258	0.00862203	1940.3369114398956
145	-7.4244294	2.403516	-3.16321	-14.000567	-6.924108	1.8772973	-4.1408305	-10.021549	120.0	120.0	579999	-0.95938635	1.1707668	1.0352452	-8.909496	0.9297393	0.008722061	1953.685292005539
146	-8.088203	2.0277684	-3.9558575	-11.536374	-6.377682	2.887904	-2.1445475	-11.534901	120.0	120.0	583999	-0.9886214	1.150256	0.78326154	-8.497984	0.9589439	0.008874406	1967.089923620224
147	-8.207448	2.2450366	-4.346962	-13.499513	-7.6345415	1.8492236	-4.1424947	-10.522684	120.0	120.0	587999	-1.00564	1.1450226	0.46357155	-9.011396	0.9758869	0.008030615	1980.4405624866486
148	-8.029037	2.6723564	-3.519863	-13.012325	-5.8153296	1.6900039	-3.300795	-8.681585	120.0	120.0	591999	-1.0088944	1.1507635	0.72016907	-8.695591	0.9797073	0.0087274285	1993.8905701637268
149	-7.146034	1.989341	-4.5596075	-12.176616	-5.5001154	1.8703676	-2.9905028	-8.771498	120.0	120.0	595999	-1.0038646	1.1582443	0.7996559	-9.336502	0.973712	0.008402139	2007.1359016895294
150	-7.4605665	1.8021374	-3.9007254	-11.549377	-5.8241262	1.6411798	-3.2151163	-8.415179	120.0	120.0	599999	-0.9827367	1.1641202	1.0892739	-8.785429	0.95153576	0.0086409515	2021.0321056842804
151	-8.323737	2.1098511	-4.625965	-13.53404	-5.8624325	2.0419583	-3.0050454	-10.180432	120.0	120.0	603999	-0.9687666	1.1687114	0.903265	-9.987341	0.93782437	0.008327952	2034.6280462741852
152	-7.888437	2.3919196	-4.112867	-12.971671	-6.6898985	1.9995817	-4.223567	-10.059206	120.0	120.0	607999	-0.9656278	1.1695299	0.5402727	-9.923894	0.9358332	0.008284498	2048.176591396332
153	-8.089624	2.5309787	-4.526287	-13.464665	-7.481365	2.3718963	-4.546911	-12.272049	120.0	120.0	611999	-0.9759532	1.1699543	0.5312419	-9.1351185	0.94665635	0.008448355	2061.4857013225555
154	-8.077121	2.1736586	-3.8617349	-11.778721	-7.139099	2.30118	-2.8791974	-11.124502	120.0	120.0	615999	-0.96835333	1.1674883	0.6148071	-8.353201	0.93832034	0.007589244	2074.8566269874573
155	-7.8929048	1.9764949	-3.9221544	-13.180997	-5.438209	1.7403474	-2.7030418	-8.626038	120.0	120.0	619999	-0.9646442	1.162692	0.54104567	-8.391409	0.9356112	0.008828009	2088.139567375183
156	-7.984202	2.4973185	-4.3311872	-14.790466	-5.0375996	1.061904	-3.0141635	-6.784112	120.0	120.0	623999	-0.97897834	1.1548734	0.8814683	-8.616292	0.9504631	0.008173294	2101.409830093384
157	-7.5715847	2.0621893	-3.9911382	-10.458126	-6.3704176	2.4451115	-3.4071388	-11.390736	120.0	120.0	627999	-0.9931593	1.1433595	0.98163605	-8.555918	0.96505076	0.0092443945	2115.0724823474884
158	-7.7277837	1.8054419	-4.471268	-11.462902	-5.7978926	1.7236625	-2.6791801	-8.877393	120.0	120.0	631999	-1.0060798	1.1482824	0.70040417	-8.826799	0.97737956	0.0077504646	2128.9013612270355
159	-7.1353974	1.9301392	-3.4293642	-10.629788	-6.1191673	2.0107133	-2.6662016	-9.61135	120.0	120.0	635999	-1.011426	1.1623312	0.7000246	-8.916357	0.98275363	0.009086429	2142.4351468086243
160	-7.500604	2.2985234	-3.6749437	-11.534867	-5.559734	1.3194035	-3.315861	-7.8826733	120.0	120.0	639999	-1.0029545	1.166405	0.7502713	-8.980819	0.97360694	0.007790005	2156.167971611023
161	-8.4112	2.2716277	-3.8442543	-13.467314	-7.407472	2.232477	-4.1772103	-10.638989	120.0	120.0	643999	-0.98868287	1.1797454	0.64236164	-9.091698	0.95920455	0.008327153	2170.0768704414368
162	-7.9809165	2.1498668	-4.430852	-11.245163	-7.1156034	1.1831584	-4.7751536	-8.566443	120.0	120.0	647999	-0.97240424	1.1703248	1.1014357	-8.90291	0.9424416	0.0075701084	2183.8760180473328
163	-7.7646985	2.0828037	-4.247903	-12.991317	-5.502816	2.2336338	-1.8871936	-8.42822	120.0	120.0	651999	-0.9601216	1.1639198	0.7797117	-9.025631	0.9304845	0.008278637	2197.2359895706177
164	-7.190198	1.4841642	-4.6292305	-11.0026245	-6.0123844	1.9816135	-2.807906	-8.458326	120.0	120.0	655999	-0.95320845	1.1609386	0.9320202	-9.593575	0.923531	0.0069324756	2211.1775295734406
165	-7.602772	1.858669	-3.581428	-11.394246	-5.496314	1.9273953	-2.859128	-9.55805	120.0	120.0	659999	-0.95055264	1.1566799	0.64190197	-10.616997	0.9204746	0.0073903217	2224.9861285686493
166	-8.077164	2.5677803	-3.47421	-13.403001	-5.8878465	2.213591	-2.7464554	-10.262216	120.0	120.0	663999	-0.94942635	1.1410728	0.30613708	-9.946468	0.91984546	0.007402177	2238.469961166382
167	-7.741971	2.066284	-3.3629577	-12.148996	-6.536954	2.3540945	-3.32676	-10.167283	120.0	120.0	667999	-0.95775884	1.1558889	0.28307772	-9.324387	0.92814845	0.007277068	2252.418387413025
168	-8.493004	1.9257698	-4.460626	-12.313598	-6.077733	2.5150855	-2.2208023	-10.917136	120.0	120.0	671999	-0.95446515	1.1458629	1.7732058	-9.395567	0.92466235	0.0070240777	2266.2507543563843
169	-7.0896206	1.630348	-4.6290264	-11.319769	-7.5365167	3.2454243	-2.5257678	-13.846231	120.0	120.0	675999	-0.9507591	1.145118	2.473506	-9.137312	0.92071354	0.007472154	2279.740122795105
170	-7.8250527	2.3560169	-4.1492987	-13.05161	-5.583637	1.8466756	-2.5578122	-8.378154	120.0	120.0	679999	-0.937358	1.144673	3.6377902	-11.41632	0.9067907	0.006610914	2293.408336877823
171	-8.766692	2.9185927	-4.807535	-19.461798	-6.562051	2.7838252	-2.8522651	-11.157858	120.0	120.0	683999	-0.9126797	1.1495109	5.998954	-9.703873	0.8807799	0.008077348	2306.7426335811615
172	-9.865162	3.7075772	-4.622099	-18.410799	-6.3418236	4.815182	-3.1155005	-18.953299	120.0	120.0	687999	-0.85600716	1.1491901	7.836591	-10.035047	0.8172668	0.008904619	2319.9975666999817
173	-11.873382	5.8138237	-3.677497	-24.773628	-11.480715	5.486976	-5.6281314	-26.748957	120.0	120.0	691999	-0.7969309	1.1595346	4.41862	-9.014338	0.75898474	0.008732863	2333.2393119335175
174	-10.4866705	6.5304017	-3.308561	-32.685055	-5.310216	2.2754405	-2.9116447	-10.7786	120.0	120.0	695999	-0.83056897	1.1589814	2.0404925	-9.028015	0.7980152	0.008211971	2346.4277505874634
175	-8.949122	2.9695032	-3.6548543	-15.568306	-6.8743234	3.1321259	-2.7800074	-12.481153	120.0	120.0	699999	-0.84454757	1.167578	0.9403348	-9.229986	0.8124999	0.008562929	2359.662136077881
176	-7.4595556	1.9774075	-3.3601422	-10.9407425	-6.3906393	1.5079625	-3.676328	-9.218268	120.0	120.0	703999	-0.8669976	1.1800407	0.64833164	-10.105182	0.83633596	0.007020044	2372.9134516716003
177	-8.202794	2.41064	-4.0077305	-12.847521	-5.8970294	1.5317081	-4.1522765	-8.49799	120.0	120.0	707999	-0.8862515	1.1800375	0.5567417	-9.063343	0.856107	0.0076146587	2385.9892160892487
178	-6.976386	2.091784	-4.168117	-13.08948	-6.8459487	1.9465703	-4.1793747	-9.668934	120.0	120.0	711999	-0.8983123	1.181495	0.44113255	-9.536727	0.8680728	0.008169489	2399.132085084915
179	-7.6059713	2.2219162	-4.2150536	-14.372075	-5.675338	1.3977597	-3.4406238	-8.953881	120.0	120.0	715999	-0.89600396	1.1771379	0.43470907	-9.441673	0.8644401	0.0079936255	2412.3391880989075
180	-7.707433	2.0013685	-3.8575232	-11.113776	-6.4452486	2.0363686	-3.483141	-9.465992	120.0	120.0	719999	-0.87258106	1.1669956	0.60662794	-10.525848	0.8411136	0.0074050766	2426.000225543976
181	-7.793099	2.110963	-3.943868	-12.415557	-6.2269454	2.6693244	-2.1928396	-10.046225	120.0	120.0	723999	-0.87968034	1.170672	0.643795	-10.082769	0.84921277	0.0073802797	2439.259594678879
182	-7.3547544	2.280063	-3.3817327	-13.437473	-6.744757	2.6760762	-3.7434964	-12.759224	120.0	120.0	727999	-0.8892008	1.1538953	1.2617774	-11.850331	0.8591282	0.007899081	2452.537632703781
183	-7.8237233	4.52305	-4.5791373	-31.55519	-7.9108977	5.0697565	-2.6784015	-21.136135	120.0	120.0	731999	-0.881806	1.1713688	2.9407234	-9.955671	0.84781283	0.007687117	2465.6507799625397
184	-7.7735586	1.8142112	-4.5601463	-11.772946	-6.768888	2.4326594	-3.398076	-11.523234	120.0	120.0	735999	-0.83081615	1.1951121	1.7385106	-9.771698	0.7984739	0.0076651117	2478.875355243683
185	-8.165257	1.9798032	-5.329405	-12.46635	-5.5690293	2.0952435	-2.6516662	-9.431515	120.0	120.0	739999	-0.8361035	1.1643652	1.2452698	-10.605137	0.8039929	0.0073255594	2492.0879583358765
186	-7.9685884	2.1525536	-3.9680665	-11.470034	-7.2832184	2.201008	-3.7639692	-11.080979	120.0	120.0	743999	-0.8543248	1.1551493	0.8029566	-10.986109	0.82361245	0.0073261587	2505.373693227768
187	-8.026046	2.0484278	-4.642459	-12.491271	-5.6458797	1.835977	-3.105394	-9.549006	120.0	120.0	747999	-0.8790418	1.1495298	0.66838074	-11.250346	0.8490942	0.007314878	2518.5725145339966
188	-7.171837	1.9048848	-4.3984466	-11.485539	-7.088515	2.4046803	-3.0392098	-11.241276	120.0	120.0	751999	-0.8920072	1.154727	0.5003791	-10.143286	0.86171263	0.008396393	2531.8089950084686
189	-8.029427	2.3380744	-3.6996665	-13.079439	-6.450975	2.8015156	-2.9358413	-13.302274	120.0	120.0	755999	-0.89887685	1.1426243	0.4694767	-9.516666	0.8694189	0.0077349385	2545.0022852420807
190	-7.600456	2.1033552	-4.0169015	-11.580113	-6.8586335	1.7507433	-4.122366	-10.898096	120.0	120.0	759999	-0.9183552	1.147355	0.9455228	-10.637087	0.8889889	0.007947934	2558.6815705299377
191	-8.358534	2.3427866	-3.571744	-13.42198	-7.0591216	3.0066357	-3.5862675	-13.50469	120.0	120.0	763999	-0.9203566	1.147062	0.84646416	-14.819754	0.89009315	0.0074513066	2571.9371752738953
192	-8.400963	2.3929174	-4.810036	-15.153586	-7.0336304	2.3907475	-3.4912667	-11.286746	120.0	120.0	767999	-0.91585124	1.1492227	0.7451892	-14.499498	0.88655454	0.0073339073	2585.204755306244
193	-7.578717	1.9398769	-4.721276	-12.1819	-5.418977	2.2540848	-3.0556688	-10.408689	120.0	120.0	771999	-0.9349205	1.1493126	0.52871037	-10.175176	0.90629953	0.008445132	2598.319531440735
194	-7.6280265	2.0935187	-4.744214	-12.206839	-6.4067445	2.1603372	-3.4310427	-9.847455	120.0	120.0	775999	-0.9491589	1.1461184	0.4208126	-10.4755745	0.9199936	0.007833713	2611.7401263713837
195	-8.578961	2.558502	-4.610663	-17.324135	-6.3283415	2.3448465	-3.2084515	-10.71652	120.0	120.0	779999	-0.95190203	1.1446059	0.321517	-10.431701	0.9232916	0.007593988	2625.1493055820465
196	-7.0541615	2.012057	-4.5732017	-11.248494	-6.270606	1.6865281	-4.150955	-8.540805	120.0	120.0	783999	-0.95336974	1.1342698	0.44801617	-11.178688	0.9245792	0.007718144	2638.5842826366425
197	-8.162955	2.1791303	-3.6012437	-12.519314	-5.139309	2.0913248	-2.8821676	-9.054289	120.0	120.0	787999	-0.956318	1.1262048	0.32963467	-9.181864	0.9279403	0.006962432	2651.8486709594727
198	-7.993811	1.7766503	-4.880555	-10.848485	-7.5078177	2.0994816	-3.178507	-10.451051	120.0	120.0	791999	-0.96829444	1.1212146	0.29950476	-10.230585	0.94040966	0.0075810184	2665.287481069565
199	-7.6909614	1.7572851	-4.5605116	-11.405369	-6.4464226	2.0940092	-3.4105875	-10.336955	120.0	120.0	795999	-0.9895218	1.1285058	0.20401716	-9.65292	0.9621149	0.007869635	2678.590133666992
200	-7.980455	1.917532	-3.728564	-11.098634	-5.492555	1.080795	-4.382795	-8.2669325	120.0	120.0	799999	-1.0028077	1.1407075	0.18895292	-10.004593	0.97493005	0.0071629276	2692.378844499588
201	-7.898704	2.1269124	-3.8246398	-12.180498	-6.8314247	2.3590672	-3.1434066	-9.932483	120.0	120.0	803999	-1.0051208	1.1402078	0.15108728	-9.50992	0.97728485	0.008327528	2705.6384575366974
202	-7.668666	2.1696293	-4.383312	-12.531484	-5.538193	1.6892825	-3.1975222	-8.811178	120.0	120.0	807999	-1.0070342	1.1477275	0.20256424	-9.839895	0.9794107	0.00664879	2719.0540294647217
