Epoch	AverageEpRet	StdEpRet	MaxEpRet	MinEpRet	AverageTestEpRet	StdTestEpRet	MaxTestEpRet	MinTestEpRet	EpLen	TestEpLen	TotalEnvInteracts	AverageQVals	StdQVals	MaxQVals	MinQVals	LossPi	LossQ	Time
1	-29.73724	5.6010933	-20.924137	-37.966503	-18.956831	4.342543	-12.532316	-24.81706	240.0	240.0	3999	-0.4879539	0.3677835	0.74095386	-1.8851252	0.43782902	0.00082789356	6.144771575927734
2	-28.19638	7.791292	-13.93508	-42.771313	-21.168842	5.4753737	-10.047791	-27.669527	240.0	240.0	7999	-1.2013068	0.5892919	0.49998164	-3.558146	1.1228106	0.0016661796	13.667023181915283
3	-24.696722	8.786281	-10.068695	-36.9727	-15.169838	5.525498	-9.342184	-25.878735	240.0	240.0	11999	-1.4647951	0.8190386	0.9739536	-4.2501154	1.3810569	0.002591591	21.393802642822266
4	-15.611764	5.396902	-8.125268	-30.960033	-21.190586	4.1984673	-13.56864	-28.86042	240.0	240.0	15999	-1.5569952	1.0768046	1.2412412	-5.224778	1.4932815	0.002224898	29.46334433555603
5	-16.289688	6.928822	-7.0387263	-28.041351	-15.221852	4.4304285	-4.7685804	-20.772694	240.0	240.0	19999	-1.6769227	1.2432891	0.85064566	-6.4622164	1.6243498	0.0025958614	37.729719161987305
6	-14.188699	5.143256	-7.230067	-27.671038	-16.098	9.416751	-3.7317824	-35.60093	240.0	240.0	23999	-1.8087089	1.2997172	0.4335884	-6.4727654	1.7575464	0.0030303402	45.998087644577026
7	-18.709408	5.236798	-10.1885	-30.573263	-14.201894	3.6277573	-10.395893	-21.562223	240.0	240.0	27999	-1.8209959	1.2770491	0.6231258	-6.800814	1.7703066	0.003404753	54.12705111503601
8	-15.115965	5.630005	-7.7906938	-25.980806	-15.646944	5.4674444	-6.2172847	-23.491323	240.0	240.0	31999	-1.8702495	1.2921685	0.88070846	-7.015101	1.8251088	0.004327652	62.318878173828125
9	-16.093855	5.7776794	-6.8907423	-25.216059	-14.724095	6.273765	-6.0461507	-21.531963	240.0	240.0	35999	-1.9073468	1.3300732	0.66259086	-6.694439	1.8633409	0.005282073	70.45665788650513
10	-13.576773	4.542592	-6.9660616	-20.661007	-13.325874	5.766167	-5.2386556	-27.653236	240.0	240.0	39999	-1.9200561	1.3706995	1.1512731	-6.816474	1.8756838	0.0056034	78.68287372589111
11	-16.94044	7.065058	-8.312353	-29.087212	-15.911656	6.330892	-6.1521616	-26.072453	240.0	240.0	43999	-1.8239261	1.3553824	2.1116939	-6.832722	1.7775205	0.0057740617	87.14706659317017
12	-12.135451	4.56332	-5.3307486	-21.673359	-13.239943	4.680691	-6.0315766	-19.964489	240.0	240.0	47999	-1.7336329	1.3493689	2.6296282	-6.9081416	1.688114	0.006244934	95.70977878570557
13	-14.179962	4.0840073	-7.2355113	-20.76971	-14.70149	8.577531	-4.3980627	-30.017412	240.0	240.0	51999	-1.6335686	1.350757	2.6866894	-6.6902847	1.5891137	0.006623705	104.29495072364807
14	-14.18503	5.246099	-6.5202117	-26.422785	-11.244633	2.4802675	-9.001937	-16.801525	240.0	240.0	55999	-1.5598058	1.3090355	2.722989	-6.60668	1.5125762	0.0065209786	113.12168288230896
15	-13.076711	2.521023	-9.677467	-16.745369	-9.303806	2.5734665	-6.74257	-13.473678	240.0	240.0	59999	-1.4553657	1.2795131	2.7140472	-6.6383204	1.4099483	0.0061716614	122.24576306343079
16	-15.859483	5.9256687	-7.328852	-27.87779	-12.82859	3.2691145	-7.2125254	-17.505648	240.0	240.0	63999	-1.440246	1.2343322	2.0438192	-6.84068	1.3981458	0.006459096	131.42433667182922
17	-14.162801	7.4973965	-6.5539384	-32.96526	-12.06343	3.6368673	-7.862901	-19.462446	240.0	240.0	67999	-1.4994409	1.1902293	1.5123119	-7.1179047	1.4611104	0.0068893884	140.53774333000183
18	-12.00073	3.5791216	-7.2969923	-22.384245	-13.191244	3.9246013	-6.9908037	-18.910189	240.0	240.0	71999	-1.5497198	1.1924499	1.494085	-7.1407666	1.5102121	0.00732887	149.35210275650024
19	-10.176094	3.4701874	-5.689547	-17.856234	-11.698862	4.016635	-5.1915975	-16.713709	240.0	240.0	75999	-1.544327	1.1948282	2.392965	-7.2232995	1.5066526	0.006353036	157.81557273864746
20	-12.038247	4.5648727	-4.4230847	-23.275122	-9.941958	3.5258005	-4.711894	-14.895265	240.0	240.0	79999	-1.5588312	1.2008684	3.4990878	-7.12669	1.5226269	0.0068370323	166.87527084350586
21	-12.228491	5.69987	-6.3300138	-29.369928	-11.251892	3.9076958	-6.000073	-19.851927	240.0	240.0	83999	-1.5779946	1.198579	3.6329532	-6.9960384	1.5420524	0.0067563374	175.65730333328247
22	-12.137394	5.922474	-6.640323	-30.97393	-13.800229	6.6195807	-6.3436055	-23.86748	240.0	240.0	87999	-1.5515063	1.2107906	2.6045806	-6.9868555	1.5150176	0.006898779	184.3624131679535
23	-12.881171	6.578916	-4.252405	-25.780025	-10.697948	5.177079	-3.3671963	-24.349796	240.0	240.0	91999	-1.550007	1.2175357	2.1823516	-6.885234	1.5170661	0.0068955505	192.85349130630493
24	-11.531441	3.1472669	-7.8682966	-17.897299	-10.928585	6.2166586	-3.4493096	-23.964052	240.0	240.0	95999	-1.5728058	1.2368162	1.555448	-6.9862127	1.5400993	0.007199276	201.30461144447327
25	-12.596785	5.5166664	-7.1564755	-26.32912	-10.873237	5.179871	-6.629058	-22.690266	240.0	240.0	99999	-1.5396055	1.2243172	0.999325	-7.0012164	1.5036846	0.0073983865	209.79940342903137
26	-14.34452	6.7293663	-6.7710323	-32.28774	-14.041548	4.667565	-5.926862	-19.11699	240.0	240.0	103999	-1.5031284	1.2126731	0.8725176	-6.814385	1.4694858	0.006839988	218.15197491645813
27	-10.453627	2.7930284	-5.3697667	-17.049395	-13.67586	8.667266	-2.823695	-31.158384	240.0	240.0	107999	-1.5114244	1.2367041	0.9622284	-6.95057	1.4804349	0.006779032	226.33004879951477
28	-9.368355	4.048165	-5.2027483	-23.8108	-8.378953	3.7529058	-3.9278412	-16.431358	240.0	240.0	111999	-1.5254323	1.2484069	1.1369998	-6.97199	1.4938911	0.00722724	234.44587540626526
29	-10.591299	3.2434168	-5.3155813	-18.037447	-7.9517326	4.3078713	-3.5709465	-17.791374	240.0	240.0	115999	-1.4896973	1.2522041	1.1122627	-6.8180084	1.457527	0.00717989	242.6199426651001
30	-11.633044	4.728508	-4.397844	-19.446623	-9.171085	2.5709152	-5.23945	-13.555483	240.0	240.0	119999	-1.482156	1.2270716	0.87393194	-6.9528413	1.451441	0.007036209	250.68430376052856
31	-9.064262	1.9104253	-5.5083456	-13.060543	-8.137338	4.1121707	-4.2078567	-18.808472	240.0	240.0	123999	-1.4808946	1.2064853	1.8714638	-6.956686	1.4509379	0.0066197175	258.68830823898315
32	-11.811868	4.064781	-4.8137927	-20.961025	-8.83516	3.328507	-4.871266	-16.340286	240.0	240.0	127999	-1.4874599	1.2017343	2.0973346	-7.024414	1.4582585	0.006774107	266.7250123023987
33	-10.726268	4.0497074	-5.9535046	-22.053415	-7.491626	1.973295	-3.7802396	-10.59123	240.0	240.0	131999	-1.4907552	1.2086616	0.74858516	-7.0763855	1.4618462	0.0068754014	274.85316348075867
34	-10.9242735	4.7247987	-4.3252983	-26.858995	-8.578982	2.8367088	-4.696128	-14.003321	240.0	240.0	135999	-1.5003805	1.2352383	0.6243383	-7.2873087	1.4723312	0.0065240543	283.16060853004456
35	-10.790933	4.107947	-5.5950103	-18.108965	-7.432859	2.1639748	-4.409882	-10.819441	240.0	240.0	139999	-1.5158734	1.2469295	0.804958	-7.2817965	1.4891036	0.006753106	291.3016839027405
36	-10.140242	2.7436955	-6.6233406	-19.017723	-8.76512	3.5728226	-3.1952388	-17.248003	240.0	240.0	143999	-1.5284231	1.2408673	0.45234394	-7.506222	1.5016172	0.006814389	299.53608560562134
37	-8.84848	2.6828175	-4.993878	-13.803516	-10.187174	5.1308317	-5.190831	-23.811367	240.0	240.0	147999	-1.5252017	1.2304692	0.42143524	-7.4255877	1.4990653	0.006868436	307.5514795780182
38	-9.593939	2.2691188	-6.779566	-15.464966	-10.299818	7.4555955	-4.9283476	-30.952288	240.0	240.0	151999	-1.5118731	1.2189488	1.1163145	-7.393132	1.4850848	0.007242469	315.4356966018677
39	-9.653362	5.5149045	-4.1140366	-29.684492	-11.566826	6.8147984	-4.908128	-27.18864	240.0	240.0	155999	-1.4819981	1.188192	1.5973148	-6.9603424	1.4541646	0.0065292316	323.4021441936493
40	-9.840687	2.856514	-5.347507	-14.673106	-8.538121	2.4905188	-5.5400414	-14.454662	240.0	240.0	159999	-1.4314562	1.1576746	1.3887693	-6.9279695	1.4024751	0.0066020996	331.4923183917999
41	-9.259833	2.9612255	-4.9708486	-16.294132	-8.072906	2.2951891	-3.313628	-12.322374	240.0	240.0	163999	-1.3902336	1.1647086	1.3239188	-6.937594	1.3623593	0.0065395185	339.4076042175293
42	-11.816112	5.4375796	-6.147216	-28.71604	-9.06796	7.5033154	-2.7811878	-30.533587	240.0	240.0	167999	-1.3526386	1.181401	1.560877	-7.10693	1.3243816	0.0064171376	347.3726644515991
43	-9.877529	2.743574	-4.7540493	-15.834119	-7.257005	2.2335663	-3.7416606	-11.516597	240.0	240.0	171999	-1.3369685	1.1943525	0.800917	-6.8279543	1.3105725	0.006298481	355.318297624588
44	-10.179006	5.743908	-4.8869576	-31.410309	-9.14836	6.2239714	-3.9087753	-25.103657	240.0	240.0	175999	-1.342844	1.2130224	0.6845864	-6.778232	1.317575	0.0060627325	363.2700688838959
45	-8.538634	2.8282125	-3.6930423	-12.765602	-7.2379036	2.7039058	-2.1915836	-11.716127	240.0	240.0	179999	-1.3486204	1.2049031	0.61605847	-7.024769	1.3229787	0.0064186123	371.19753646850586
46	-11.102877	4.6688905	-4.787924	-21.335707	-6.7364397	2.741096	-2.2332392	-10.751359	240.0	240.0	183999	-1.3414464	1.1879039	0.72843325	-6.9018703	1.3158098	0.0062068035	379.1124002933502
47	-9.603719	2.7585464	-4.3236322	-14.096726	-9.690962	4.192335	-3.0499442	-18.145544	240.0	240.0	187999	-1.3475808	1.1731559	1.0868262	-6.6871486	1.3223227	0.005963444	386.9752461910248
48	-10.290916	4.657711	-4.9746056	-23.757618	-8.981993	6.187644	-4.1047053	-24.663082	240.0	240.0	191999	-1.3294308	1.1416762	1.0899028	-6.8467617	1.3029362	0.0067768977	394.9275395870209
49	-9.2471695	2.5925176	-5.391825	-13.46349	-7.1620493	2.2222133	-3.907365	-11.436774	240.0	240.0	195999	-1.3195121	1.1276389	1.1466656	-6.9303417	1.2948611	0.0062114974	402.8714475631714
50	-9.754162	3.499166	-5.4787526	-18.211449	-9.397362	4.3163915	-3.7590716	-15.323609	240.0	240.0	199999	-1.3288714	1.1455318	0.433882	-6.767776	1.304301	0.0058797863	410.9545474052429
51	-9.818313	3.8100412	-5.0157375	-19.460024	-7.9962363	3.5102522	-3.3756826	-15.212977	240.0	240.0	203999	-1.3248605	1.1675369	0.46520138	-6.757633	1.300729	0.005971568	418.8657009601593
52	-8.349129	1.9663863	-5.214586	-12.859455	-6.8128366	2.1514146	-4.1873627	-10.411631	240.0	240.0	207999	-1.3150641	1.1807947	0.9791883	-7.190367	1.2906545	0.006405276	426.7955152988434
53	-10.432823	5.5596695	-4.260791	-22.941221	-8.703529	2.5790129	-5.6042504	-12.865171	240.0	240.0	211999	-1.3138045	1.1932288	0.85603106	-7.189966	1.2898273	0.005918989	434.7552454471588
54	-9.717597	3.825981	-4.846704	-20.734756	-7.545709	3.7600107	-3.4026475	-16.956097	240.0	240.0	215999	-1.3022884	1.2097036	1.0673305	-7.2382617	1.2780672	0.0055699768	442.67870354652405
55	-8.703424	2.6776617	-4.529621	-15.942431	-7.9222703	2.2761428	-3.853971	-11.944266	240.0	240.0	219999	-1.2993722	1.2210511	0.9612775	-7.2010126	1.2762957	0.0054897	450.60049653053284
56	-8.0886135	2.7344785	-4.824915	-15.560189	-7.0763793	2.2331123	-4.3488135	-10.4550705	240.0	240.0	223999	-1.309187	1.2275065	0.6589377	-7.149173	1.2869698	0.006086338	458.5346405506134
57	-7.778235	2.2702177	-4.1773233	-13.5187	-6.5678253	1.0611539	-4.478809	-8.365192	240.0	240.0	227999	-1.307808	1.2111977	0.40390182	-7.1749287	1.2852272	0.0059919963	466.41261863708496
58	-8.594067	2.6826613	-4.1165504	-12.280314	-6.409088	1.6165394	-4.0047483	-9.699095	240.0	240.0	231999	-1.3049736	1.1852149	1.9812526	-7.2712154	1.282622	0.006156046	474.39764738082886
59	-9.199644	2.0708272	-3.842866	-12.444328	-8.294	2.5441341	-5.6766124	-14.354386	240.0	240.0	235999	-1.2937008	1.179027	1.8248106	-7.071959	1.2704678	0.005772649	482.34295558929443
60	-11.188574	5.0207233	-3.8175983	-23.387033	-7.465317	2.8483038	-3.7332642	-13.120391	240.0	240.0	239999	-1.2724442	1.1793306	1.5575646	-6.9351873	1.2493047	0.005684017	490.4113073348999
61	-11.045292	4.4034877	-6.21129	-21.548616	-6.637168	1.6498814	-4.048926	-9.695215	240.0	240.0	243999	-1.2527758	1.178527	0.8119643	-7.1461034	1.229092	0.005385437	498.35884261131287
62	-10.738947	5.9278107	-5.7254424	-32.01871	-5.993676	2.0825346	-3.1422477	-10.484494	240.0	240.0	247999	-1.2417644	1.1648754	0.95580614	-6.837317	1.2189182	0.005618368	506.29677391052246
63	-10.236292	2.5874527	-6.628557	-15.554031	-7.031272	1.9741238	-4.172215	-11.510763	240.0	240.0	251999	-1.2423295	1.1401523	0.97763216	-7.0183396	1.2207232	0.0059758388	514.2492697238922
64	-8.2543545	1.6737213	-5.595161	-11.766852	-7.686817	3.3063529	-2.422243	-14.213357	240.0	240.0	255999	-1.2568892	1.149249	0.97673225	-7.073385	1.2345597	0.0061071636	522.1472465991974
65	-9.269386	2.473113	-5.3944154	-13.802157	-9.537917	4.795193	-5.3596473	-22.202028	240.0	240.0	259999	-1.2559155	1.1560049	0.9069252	-6.843875	1.2340431	0.0054844813	530.0922236442566
66	-9.292093	4.814369	-3.9213567	-24.222902	-5.960551	1.627085	-3.878049	-9.7609215	240.0	240.0	263999	-1.2283075	1.1247681	1.4175196	-6.8327136	1.2030013	0.005927223	537.9870915412903
67	-7.5830564	2.2321138	-4.2698617	-11.915802	-10.612296	8.113955	-3.664587	-30.023556	240.0	240.0	267999	-1.1984872	1.0986682	2.5741777	-7.4246492	1.175285	0.005860486	545.9474484920502
68	-9.689946	4.7175193	-3.9399357	-22.97991	-8.209303	5.913655	-3.2182937	-25.208532	240.0	240.0	271999	-1.2039835	1.1289076	2.192792	-7.2357464	1.1815369	0.0058466047	553.8809168338776
69	-10.965531	5.7035656	-3.4828534	-23.758642	-9.920481	6.271944	-3.2011416	-21.556906	240.0	240.0	275999	-1.1899493	1.1582861	1.6930262	-7.147707	1.1668711	0.005877229	561.8490839004517
70	-9.085688	4.1364913	-5.316987	-23.577494	-9.898078	5.678461	-4.2745414	-23.196758	240.0	240.0	279999	-1.1683822	1.1292788	1.203014	-7.071477	1.1450977	0.0060283947	569.9767067432404
71	-10.020292	5.3741946	-5.106542	-25.055511	-6.448508	2.1698909	-3.834538	-10.795821	240.0	240.0	283999	-1.1751155	1.1234108	0.5005009	-7.325284	1.1536525	0.0054989806	577.9012613296509
72	-9.86419	4.268822	-5.6630244	-25.72131	-7.8342247	4.6494117	-3.503133	-20.25646	240.0	240.0	287999	-1.2082336	1.1353918	0.6354507	-7.4587526	1.1872952	0.005606546	585.8366327285767
73	-9.2726345	4.571878	-5.0208583	-24.221775	-5.465945	2.453751	-3.3095717	-11.872411	240.0	240.0	291999	-1.2329286	1.1634024	1.1160711	-7.419584	1.2124931	0.0062713353	593.7622210979462
74	-8.13893	2.03865	-5.337222	-12.6841345	-7.8008866	2.7466974	-3.082478	-11.940563	240.0	240.0	295999	-1.2358606	1.1791214	0.51324403	-7.2003984	1.2149218	0.006145945	601.711599111557
75	-7.9081826	1.5652333	-5.648406	-11.197289	-6.6864243	1.9890462	-3.2036192	-9.100175	240.0	240.0	299999	-1.2224636	1.1788809	0.382326	-7.7887974	1.2011104	0.0064320657	609.6746504306793
76	-8.511438	2.1485417	-3.9735136	-12.296321	-8.548716	2.8298469	-4.215299	-15.481477	240.0	240.0	303999	-1.2185225	1.180939	0.2413603	-7.759872	1.1975921	0.0062786555	617.5506360530853
77	-7.9062915	1.8306278	-4.3625875	-10.578168	-6.6461535	2.5283117	-2.7367547	-10.379786	240.0	240.0	307999	-1.2182155	1.1759577	0.23561013	-7.014681	1.1980351	0.0056690653	625.5027551651001
78	-8.003558	2.3669236	-4.398437	-12.008214	-7.3835335	3.5278375	-3.7546594	-16.990677	240.0	240.0	311999	-1.2159107	1.1780796	0.36520422	-7.3323283	1.1956054	0.006158536	633.4501597881317
79	-8.440141	3.138604	-4.507121	-18.001654	-6.063658	1.6760813	-3.6956851	-8.108416	240.0	240.0	315999	-1.2172383	1.1820861	0.4168874	-7.27849	1.1968424	0.005526271	641.4536635875702
80	-8.676126	3.1639528	-4.468574	-19.127054	-8.410757	3.6976624	-2.8510642	-13.935243	240.0	240.0	319999	-1.2121552	1.1731541	0.5847157	-6.978901	1.1917709	0.0058228103	649.5971779823303
81	-8.125096	2.4337215	-5.0788274	-14.551284	-8.779438	3.0563648	-4.1454186	-15.064174	240.0	240.0	323999	-1.1978604	1.1482407	1.1025935	-7.5574365	1.1769542	0.0059738606	657.561116695404
82	-8.27934	2.5431561	-4.6715536	-11.902348	-7.4751916	2.6513603	-3.68939	-12.060899	240.0	240.0	327999	-1.19279	1.1455436	1.1208011	-7.341556	1.1726499	0.0059332675	665.5118703842163
83	-8.02606	2.7453725	-4.2808313	-12.000104	-7.2891455	1.8220499	-5.0499806	-9.638579	240.0	240.0	331999	-1.1869977	1.1582474	0.87936974	-7.13974	1.1665896	0.005533849	673.471709728241
84	-7.7083616	2.018316	-4.37056	-10.781243	-6.065165	2.2936516	-3.3303955	-9.709975	240.0	240.0	335999	-1.18489	1.1684929	0.9095229	-7.019459	1.1645525	0.005702712	681.416802406311
85	-8.929177	3.673993	-4.2709694	-21.363012	-5.542766	2.1051826	-3.3563097	-10.141823	240.0	240.0	339999	-1.1818919	1.1693045	0.7807567	-6.922044	1.1619891	0.0053038974	689.3232543468475
86	-8.01997	1.9377804	-4.466489	-11.435407	-8.9101	1.6975918	-5.55665	-11.877959	240.0	240.0	343999	-1.1842957	1.1690595	0.6385522	-7.0676584	1.1648977	0.005586775	697.2914056777954
87	-7.901658	2.4652727	-2.952656	-11.899352	-7.5371385	2.2319608	-3.7784488	-11.683276	240.0	240.0	347999	-1.1875736	1.170725	0.48619127	-7.2080073	1.1683645	0.005637635	705.2495501041412
88	-6.2957106	1.4802785	-3.1372514	-9.022225	-7.5184083	1.4203035	-4.6280637	-9.10002	240.0	240.0	351999	-1.183298	1.1621281	0.39026093	-7.373959	1.1641809	0.0059387647	713.2273845672607
89	-8.2824135	3.8536246	-4.635724	-21.401981	-6.2207522	0.9986609	-4.1324997	-8.00123	240.0	240.0	355999	-1.1794561	1.1618965	0.4939989	-7.2730126	1.1600536	0.005891683	721.2019443511963
90	-7.767979	2.2754865	-3.464876	-11.538828	-6.7748566	1.5482994	-5.1247096	-9.720869	240.0	240.0	359999	-1.1637182	1.161682	0.8143233	-7.339557	1.1442298	0.0053693424	729.3450326919556
91	-8.480818	2.423126	-4.296149	-13.046916	-6.2744913	2.406723	-3.223999	-11.45635	240.0	240.0	363999	-1.1550299	1.1726719	1.2959701	-7.37914	1.1350844	0.0052063894	737.3084962368011
92	-9.016023	2.120214	-5.1198325	-12.815236	-6.4511957	2.1749647	-3.5925307	-9.545588	240.0	240.0	367999	-1.1438028	1.1676596	0.9476391	-7.3738656	1.1245939	0.005100474	745.3026101589203
93	-8.442769	3.0400457	-3.7806025	-13.880231	-7.0575476	2.351556	-2.46486	-10.705953	240.0	240.0	371999	-1.1378912	1.1658072	0.78509605	-7.3357973	1.1186134	0.005395547	753.3213858604431
94	-8.253084	2.4647188	-4.5287466	-15.04333	-6.564931	2.2519457	-4.147259	-12.103186	240.0	240.0	375999	-1.1342171	1.1517694	0.6262982	-7.2221346	1.114757	0.0050061936	761.3147122859955
95	-7.376555	2.5599809	-3.8848987	-13.357808	-7.2092323	3.0029004	-3.6283226	-13.096804	240.0	240.0	379999	-1.1323817	1.1513777	0.54107904	-7.552153	1.1137602	0.0048660976	769.2127697467804
96	-7.885607	2.3813694	-3.4013963	-12.503182	-5.622176	2.5299172	-1.8687807	-9.526946	240.0	240.0	383999	-1.1267501	1.1568693	1.1095569	-7.4255457	1.107657	0.0051790443	777.1829478740692
97	-8.5599375	2.2871828	-5.2965765	-13.007104	-5.9992533	2.2715504	-3.4326482	-11.921691	240.0	240.0	387999	-1.1213015	1.1651882	1.1136831	-7.1011596	1.1021878	0.0052930876	785.1566650867462
98	-7.1172695	1.8335159	-4.6239653	-11.507197	-7.3130293	2.6781697	-3.9493682	-13.249212	240.0	240.0	391999	-1.1147753	1.1538205	0.5173913	-6.9190693	1.0961795	0.004854062	793.1312448978424
99	-8.140442	2.430601	-3.0080485	-11.430015	-7.880143	2.1668146	-3.2068212	-9.909126	240.0	240.0	395999	-1.1167612	1.1403395	0.39377105	-6.8552294	1.0981175	0.005302137	801.0739560127258
100	-8.759995	2.5939128	-3.5190375	-13.104077	-9.186121	2.0712442	-5.5570827	-11.69427	240.0	240.0	399999	-1.1239687	1.1398139	0.2561946	-7.321001	1.105741	0.0049972995	809.2449007034302
101	-7.4881997	2.0960407	-4.9091115	-11.44368	-6.8128257	1.7711703	-3.8230684	-9.311665	240.0	240.0	403999	-1.1336858	1.1366582	0.21527088	-7.397452	1.1153594	0.0054423134	817.2257351875305
102	-8.550481	2.4042056	-4.6636796	-13.302875	-8.059408	2.195417	-3.9661586	-10.379597	240.0	240.0	407999	-1.1268958	1.129464	0.30778098	-7.1708	1.108239	0.0047704238	825.1986067295074
103	-7.980336	2.115615	-5.114068	-12.60582	-6.7464647	1.9357185	-3.7322328	-9.896131	240.0	240.0	411999	-1.1237684	1.1364309	0.34311104	-7.300473	1.1054368	0.004693449	833.1724991798401
104	-8.59611	1.8451146	-4.428389	-10.796603	-6.7044616	2.3722303	-3.7358377	-10.893988	240.0	240.0	415999	-1.1266496	1.136132	0.28867388	-7.523792	1.1088138	0.005036747	841.0449934005737
105	-7.922705	2.2226884	-3.8438697	-12.314398	-6.8472815	1.809877	-4.3324356	-9.951808	240.0	240.0	419999	-1.1342949	1.1371562	0.25841045	-7.241359	1.1167164	0.0048898687	849.0469784736633
106	-8.104174	2.7958403	-4.8136497	-15.644305	-7.6888833	2.8111362	-3.1419916	-12.029044	240.0	240.0	423999	-1.1364228	1.1395326	0.25476313	-7.446315	1.1190393	0.004652244	857.0356392860413
107	-8.700637	1.5797426	-6.5185165	-12.248283	-7.860003	1.5460846	-4.955334	-9.529136	240.0	240.0	427999	-1.1426076	1.1460748	0.36436987	-7.709241	1.1248755	0.0046343477	865.0053613185883
108	-8.767814	1.517036	-4.632497	-11.656407	-6.271356	2.0081034	-2.8540914	-10.907352	240.0	240.0	431999	-1.1363851	1.1490878	0.5547533	-7.6350136	1.1183494	0.005063624	872.9695482254028
109	-7.6895556	2.2417672	-3.9393988	-12.982364	-9.262006	2.5866253	-5.7685614	-15.155444	240.0	240.0	435999	-1.1194727	1.1387218	0.56839514	-7.392006	1.1014446	0.0052896487	880.9392170906067
110	-9.015983	1.7605011	-6.127907	-11.750647	-6.9388494	2.2886198	-1.9273618	-10.482692	240.0	240.0	439999	-1.1130834	1.1354452	0.4625976	-7.579555	1.0952545	0.0047198017	889.1230638027191
111	-8.499592	2.3285873	-4.0638676	-13.051996	-7.6845884	1.8749797	-4.622642	-9.658946	240.0	240.0	443999	-1.1137878	1.1279546	0.4095292	-6.993949	1.0963494	0.004484568	897.1187069416046
112	-8.144825	2.0259302	-4.427069	-12.238105	-7.8864965	1.5124537	-5.4973626	-9.794344	240.0	240.0	447999	-1.1173027	1.1213543	0.488369	-7.369337	1.0999639	0.004440733	905.0937473773956
113	-9.091802	4.6215725	-3.967244	-21.170948	-6.1370625	1.3676422	-3.4722662	-8.43859	240.0	240.0	451999	-1.1115662	1.1208758	0.5704515	-7.308832	1.0938159	0.0051731807	913.0498728752136
114	-7.58498	2.9618618	-4.269223	-12.97768	-6.9871964	2.9207914	-3.9040022	-12.085413	240.0	240.0	455999	-1.1045377	1.1162974	0.7490175	-7.4298105	1.0871935	0.0046376563	920.9434900283813
115	-7.8738227	1.7674294	-5.0720754	-11.48421	-6.632947	1.6975142	-4.3317866	-10.440337	240.0	240.0	459999	-1.0974874	1.1045305	0.52557397	-7.332205	1.0797336	0.004922538	928.9247465133667
116	-6.986024	2.0848942	-3.9786396	-11.137008	-5.738019	2.085588	-2.6411602	-9.695431	240.0	240.0	463999	-1.0949457	1.1001538	0.42446446	-7.262827	1.0776372	0.0046889666	936.8884835243225
117	-7.26431	1.7218446	-5.1176767	-12.199553	-5.61482	1.5296246	-3.7141416	-9.29773	240.0	240.0	467999	-1.0963243	1.1167072	0.3016858	-7.437949	1.0789856	0.0049508736	944.8780512809753
118	-7.486416	1.7657149	-4.908667	-11.56006	-5.2014465	1.378565	-3.142246	-7.9772367	240.0	240.0	471999	-1.0850941	1.121171	0.33819652	-7.22536	1.0672913	0.0039869463	952.8636996746063
119	-7.522167	2.1368372	-2.9866004	-10.327755	-6.0382166	2.406101	-2.9117148	-9.738944	240.0	240.0	475999	-1.0766457	1.1029251	0.55508137	-7.307865	1.0594102	0.0051542767	960.8246672153473
120	-7.9625273	2.387133	-3.3294172	-11.651035	-6.0576696	1.3677856	-4.677019	-8.598958	240.0	240.0	479999	-1.0827925	1.0993968	0.6636698	-7.0026436	1.0659109	0.0042280285	968.9892230033875
121	-7.2710037	1.7227325	-5.029282	-10.631396	-6.010557	2.2086856	-3.4499178	-9.538698	240.0	240.0	483999	-1.0747358	1.0999441	1.2350056	-6.8862996	1.0566108	0.004646882	976.9602763652802
122	-7.9672976	1.563448	-5.543355	-10.2037735	-6.512227	1.3246452	-4.5694256	-8.59166	240.0	240.0	487999	-1.0613511	1.0900794	0.8193691	-6.911295	1.0441	0.004741667	984.9380905628204
123	-8.871599	1.813511	-5.8786883	-11.682449	-7.0812273	2.0518346	-4.1754804	-10.247275	240.0	240.0	491999	-1.0643446	1.0880604	0.53282833	-6.9613085	1.0477166	0.0046181153	992.7870876789093
124	-7.830785	2.242908	-4.496353	-12.139511	-7.169454	2.4973118	-1.9326468	-10.7019	240.0	240.0	495999	-1.0766975	1.0918167	0.46024966	-6.9374685	1.0601946	0.004477909	1000.7008759975433
125	-7.6199045	2.2248693	-3.232415	-11.808282	-7.026709	2.567475	-3.7098703	-11.172773	240.0	240.0	499999	-1.09346	1.1129766	0.5040786	-7.24842	1.0770738	0.004524531	1008.648286819458
126	-7.565327	1.8790251	-4.481903	-10.316405	-5.483859	2.1935925	-2.5695598	-10.208871	240.0	240.0	503999	-1.083744	1.1124204	0.45791912	-7.3232927	1.0665547	0.005086669	1016.6084496974945
127	-7.499625	2.4490154	-4.686136	-14.162926	-7.37609	1.9130858	-5.6579	-10.929769	240.0	240.0	507999	-1.0652478	1.1036795	0.7660222	-7.107631	1.0483559	0.0047784015	1024.5533876419067
128	-8.964768	2.5940065	-3.9265127	-13.622304	-5.836951	1.5704627	-3.9052713	-8.938552	240.0	240.0	511999	-1.0608895	1.0936248	1.940851	-7.1967697	1.0439914	0.0050337706	1032.511151790619
129	-8.155583	1.9751872	-3.6136332	-12.049822	-6.5155134	1.4365913	-4.566261	-9.393064	240.0	240.0	515999	-1.0563211	1.0870414	1.6463232	-7.3892956	1.0396035	0.004193202	1040.4793906211853
130	-8.978878	1.9752293	-5.046923	-11.429561	-6.5147834	2.0671854	-3.617458	-9.393279	240.0	240.0	519999	-1.0627153	1.087025	1.9434292	-7.4129	1.0464058	0.0041628033	1048.6881413459778
131	-7.9712024	1.6677134	-3.9801123	-10.907727	-5.528533	1.6318526	-2.9204857	-7.9247813	240.0	240.0	523999	-1.070117	1.0899125	1.9305034	-7.1915007	1.053587	0.004968564	1056.6745111942291
132	-9.4040575	1.8434383	-5.3177285	-12.921001	-7.044774	1.9658976	-4.1610737	-11.770159	240.0	240.0	527999	-1.0526581	1.1181486	2.2642822	-7.0934987	1.0344338	0.0045696623	1064.5777235031128
133	-8.515936	2.6597672	-4.717754	-15.05695	-6.219157	1.2559186	-4.371614	-8.853624	240.0	240.0	531999	-1.0157385	1.133867	2.1816926	-7.003689	0.99769557	0.0050185136	1072.557469367981
134	-9.407632	2.574324	-4.747007	-15.499456	-6.649231	1.4391016	-4.3082137	-8.870399	240.0	240.0	535999	-0.9786857	1.130212	0.9850211	-6.920785	0.9599028	0.004731659	1080.5241467952728
135	-9.097157	2.3554938	-5.6481147	-13.724689	-6.740866	2.6394308	-2.2637138	-10.079584	240.0	240.0	539999	-0.95553917	1.1369972	0.79882646	-7.049169	0.9366164	0.00431827	1088.506451845169
136	-8.749037	2.0091937	-4.708882	-11.995311	-6.855836	1.8709089	-4.44856	-10.885802	240.0	240.0	543999	-0.9292873	1.1341103	0.6632471	-7.0854893	0.9105292	0.0045052646	1096.4928550720215
137	-9.173664	2.559622	-4.418569	-12.530021	-6.9539833	2.0008454	-3.8901708	-10.893544	240.0	240.0	547999	-0.91101944	1.1212502	0.56836104	-6.696336	0.8923498	0.004040658	1104.4943444728851
138	-8.713783	3.3591769	-5.369716	-19.33392	-6.4337616	2.3079941	-3.6723597	-10.753038	240.0	240.0	551999	-0.91187054	1.1247891	0.9494462	-6.8834248	0.8938318	0.0039872383	1112.682916879654
139	-6.941098	1.9582995	-3.3438704	-10.999986	-7.475492	2.208997	-3.78186	-10.858427	240.0	240.0	555999	-0.9061471	1.1241015	2.0564895	-6.748888	0.8873657	0.0042234603	1120.6459863185883
140	-7.991343	2.6567895	-3.616852	-14.105142	-7.0110016	2.9708796	-3.9026325	-14.391489	240.0	240.0	559999	-0.8851563	1.133837	2.7197247	-6.9295597	0.8651438	0.004449271	1128.8760073184967
141	-7.358772	2.0845077	-3.247757	-10.915315	-7.954225	2.737065	-3.7903721	-11.38998	240.0	240.0	563999	-0.8549767	1.1094065	3.2752187	-7.0307713	0.83562106	0.0039597754	1136.9116439819336
142	-8.04236	2.7435725	-3.7483284	-14.595901	-7.075906	2.3569589	-3.45505	-10.527849	240.0	240.0	567999	-0.8550044	1.1001288	2.3054569	-6.7919455	0.8367695	0.0043522585	1144.7964577674866
143	-7.9470205	2.3222702	-4.160343	-13.169701	-7.558858	2.8863285	-2.042632	-12.092639	240.0	240.0	571999	-0.8658129	1.1120956	1.9258091	-7.1745977	0.8469619	0.004292822	1152.7341537475586
144	-9.723528	3.6075387	-5.390087	-18.213812	-7.042806	2.1687682	-3.169429	-11.987573	240.0	240.0	575999	-0.8678938	1.100432	1.8787165	-8.091284	0.8492256	0.004247053	1160.690245628357
145	-7.595297	1.9866687	-4.952731	-11.453586	-7.4058075	2.9119244	-3.339345	-11.132991	240.0	240.0	579999	-0.87057555	1.0951743	2.5136378	-7.5703864	0.8521482	0.004181664	1168.6517751216888
146	-7.194085	2.0562074	-3.3408542	-11.114149	-6.044568	1.7220875	-3.9573934	-9.311073	240.0	240.0	583999	-0.8645872	1.0848258	2.5070605	-8.078276	0.8455595	0.0039080367	1176.6186983585358
147	-7.348753	2.642167	-3.4761496	-12.152519	-7.2475824	1.1330224	-5.3953075	-9.005746	240.0	240.0	587999	-0.86331284	1.0789273	4.489088	-7.879895	0.8444895	0.0040429765	1184.564870595932
148	-8.612549	2.8638566	-4.496881	-14.070087	-9.354664	2.9892316	-4.5119357	-15.643507	240.0	240.0	591999	-0.8722397	1.0882562	4.738675	-7.960969	0.8534553	0.0044766585	1192.5113677978516
149	-8.642641	3.3982847	-4.5805645	-17.51648	-9.211935	4.461972	-4.2406907	-18.015648	240.0	240.0	595999	-0.822501	1.1072464	5.875201	-7.6986065	0.79850525	0.004647212	1200.4717528820038
150	-9.4153385	2.6852775	-4.2077785	-14.568504	-8.344366	1.8500912	-5.0621305	-12.633343	240.0	240.0	599999	-0.7525785	1.1088343	4.931366	-7.517027	0.7280891	0.004552248	1208.6666350364685
151	-9.352507	3.8368325	-5.6020646	-21.62909	-9.477078	4.9303064	-2.9180505	-20.000422	240.0	240.0	603999	-0.71836424	1.0998912	3.4169798	-7.8104153	0.6958128	0.00420579	1216.5272386074066
152	-9.8461075	3.5010777	-5.849922	-19.162725	-7.733124	1.9539635	-4.1907115	-11.442432	240.0	240.0	607999	-0.7301565	1.1010584	1.6445198	-7.859627	0.7104773	0.0039028507	1224.4819202423096
153	-8.898954	2.9313872	-4.219293	-15.380289	-6.840618	1.9704981	-3.1099355	-10.08322	240.0	240.0	611999	-0.76700455	1.0928701	1.3156004	-8.111601	0.7487633	0.004020252	1232.4591000080109
154	-8.476524	1.813546	-5.2315326	-11.634422	-7.0382485	2.0975592	-3.0975244	-10.877286	240.0	240.0	615999	-0.8106899	1.0914881	1.0167141	-7.1532545	0.7932057	0.0040983525	1240.4183387756348
155	-7.693732	1.6215572	-5.4908476	-11.307185	-6.5388474	2.2724657	-1.8525009	-9.7214775	240.0	240.0	619999	-0.84291947	1.0996172	0.8259258	-7.635336	0.8255683	0.003772281	1248.3821732997894
156	-6.686532	2.1887815	-3.609637	-10.803192	-7.4129257	1.7979035	-4.6549444	-10.971795	240.0	240.0	623999	-0.8737737	1.0986373	0.6621499	-7.8231926	0.8567629	0.003820863	1256.3539772033691
157	-7.898593	2.2742515	-3.8514156	-11.897071	-6.6823196	2.7288432	-2.7745395	-10.962249	240.0	240.0	627999	-0.894353	1.0840195	0.54167366	-7.7445583	0.87754613	0.003870531	1264.321810722351
158	-8.017387	1.7915242	-4.216324	-10.190732	-5.8891954	2.067299	-2.7891235	-9.8182	240.0	240.0	631999	-0.918156	1.0943437	0.5032468	-7.887035	0.9015892	0.004551467	1272.300181388855
159	-8.226763	2.183549	-4.4717274	-11.888227	-6.8303375	2.1676698	-3.6196415	-9.926074	240.0	240.0	635999	-0.9254315	1.0764548	0.532217	-7.8718557	0.90842134	0.004183822	1280.2813277244568
160	-7.231333	2.9621627	-3.7838721	-15.14313	-7.370687	2.9328516	-2.7157536	-13.1716585	240.0	240.0	639999	-0.94046944	1.0738887	0.4629159	-8.062638	0.92452925	0.004096799	1288.4956579208374
161	-8.27933	2.3292484	-4.4585123	-12.614185	-7.69415	1.4578618	-5.6065354	-10.088409	240.0	240.0	643999	-0.9547216	1.0699878	0.36112547	-7.6411963	0.9383848	0.004192897	1296.3810539245605
162	-8.486237	2.313946	-3.7297766	-11.801736	-6.5494423	2.5183525	-1.8081355	-10.110468	240.0	240.0	647999	-0.9657867	1.0677086	0.32112217	-7.4625387	0.9495404	0.0044341614	1304.3396162986755
163	-9.801534	2.4522917	-6.2550497	-15.73405	-7.3861895	2.6969411	-3.9717112	-12.56642	240.0	240.0	651999	-0.97721744	1.0651859	0.35315228	-6.8294725	0.9610517	0.0041627176	1312.3449356555939
164	-8.827962	2.1654565	-5.017917	-13.251559	-8.652073	1.7248459	-5.896316	-11.453386	240.0	240.0	655999	-0.9805732	1.0642397	0.3483491	-7.3838687	0.9642776	0.004592975	1320.3141746520996
165	-9.470086	2.8010385	-5.4966197	-14.2560215	-7.234352	1.881284	-4.3082967	-10.293931	240.0	240.0	659999	-0.9847932	1.069509	0.4278326	-7.4550614	0.96852344	0.004494115	1328.3073313236237
166	-8.618903	1.9038459	-5.597896	-11.9699545	-6.978883	2.4588242	-3.476329	-10.260375	240.0	240.0	663999	-0.98570675	1.076961	0.9870362	-8.507135	0.9691283	0.0040332135	1336.3033742904663
167	-8.742592	1.6429034	-6.23124	-12.978114	-6.6510797	1.631885	-4.3058105	-9.186468	240.0	240.0	667999	-0.9785237	1.0681895	0.7840023	-8.307581	0.96143264	0.0043535526	1344.262950181961
168	-9.289757	2.8481805	-4.8845267	-15.973632	-8.547361	2.268606	-4.216511	-11.008266	240.0	240.0	671999	-0.9773166	1.0622659	1.0295844	-8.05699	0.9610617	0.0040468974	1352.2640340328217
169	-8.331982	2.475501	-3.988495	-13.865713	-7.4595237	2.2262938	-3.8547244	-12.413288	240.0	240.0	675999	-0.9849498	1.0665065	0.72887087	-7.220087	0.9687347	0.0040780064	1360.2603843212128
170	-10.308571	2.854862	-5.685365	-16.160257	-9.801047	3.3581247	-6.6864753	-18.974932	240.0	240.0	679999	-0.994519	1.0705252	1.6067953	-7.1936655	0.97853315	0.0042727794	1368.3496458530426
171	-9.8920355	3.4266548	-5.5883956	-21.527542	-6.4961143	1.8696978	-3.0394557	-8.857962	240.0	240.0	683999	-0.9909829	1.0622028	1.0716634	-7.5891995	0.9751395	0.004367425	1376.3358025550842
172	-8.081277	2.4332108	-4.8403783	-14.529841	-8.022444	2.6701972	-3.5053413	-13.315681	240.0	240.0	687999	-0.99533826	1.054044	1.7555919	-7.982361	0.9791437	0.004375113	1384.2922925949097
173	-8.5198765	2.2306597	-4.483192	-12.926882	-7.574183	2.2127564	-4.074032	-12.030741	240.0	240.0	691999	-0.997579	1.0625671	1.5909915	-7.042536	0.981745	0.0039731725	1392.2925479412079
174	-8.306732	2.293309	-4.4103847	-13.279442	-6.9494185	1.7962835	-4.1092105	-9.73202	240.0	240.0	695999	-1.013779	1.0765684	1.0172863	-7.2377024	0.99814206	0.0049702036	1400.2754006385803
175	-8.885064	2.4669077	-5.2545333	-13.497731	-6.7774415	2.1452537	-3.7401252	-10.847934	240.0	240.0	699999	-1.0078298	1.0692801	0.47498512	-7.2601566	0.9911357	0.004855328	1408.246648311615
176	-8.782916	2.81863	-4.9742527	-14.025646	-6.7456894	1.2638113	-4.5421953	-8.377268	240.0	240.0	703999	-0.9972936	1.0560911	0.44423056	-7.274787	0.98051906	0.00439195	1416.255607366562
177	-10.382654	2.3801193	-7.0511107	-15.643688	-7.159894	1.9902741	-3.966517	-9.956855	240.0	240.0	707999	-0.9946762	1.051033	0.38049316	-7.4134727	0.97804946	0.004280602	1424.2325603961945
178	-8.711183	2.2938137	-4.345443	-12.396966	-7.303678	1.907388	-5.484442	-11.046383	240.0	240.0	711999	-0.99841607	1.058048	0.30423927	-7.064119	0.98220396	0.0047219605	1432.1746079921722
179	-7.757984	2.637236	-3.3160317	-12.171931	-7.442666	1.2536399	-5.2433944	-9.160262	240.0	240.0	715999	-0.9976682	1.0651788	0.301404	-6.9856977	0.9814028	0.0042901356	1440.063323020935
180	-7.7340045	1.9410293	-5.025126	-11.796374	-7.886331	2.4076715	-3.663943	-12.129195	240.0	240.0	719999	-0.9958084	1.0715301	0.25340033	-7.4110518	0.97973686	0.0038708283	1448.3038296699524
181	-7.824166	2.2345672	-5.0067086	-11.480369	-7.3195367	1.9316822	-4.158384	-9.775309	240.0	240.0	723999	-0.9928329	1.0867614	0.6415167	-8.021184	0.97653806	0.004498191	1456.2702531814575
182	-8.028555	2.1647518	-4.610182	-12.129423	-7.001909	2.24322	-3.1215725	-10.799355	240.0	240.0	727999	-0.97403127	1.093945	0.30153227	-7.998305	0.9568599	0.0041836975	1464.2562897205353
183	-7.8649483	2.384121	-3.6245234	-13.520363	-7.2008004	1.63042	-4.2663383	-9.166334	240.0	240.0	731999	-0.9530883	1.0878339	0.47823477	-7.25611	0.93586546	0.004236802	1472.2419159412384
184	-8.245653	2.5857866	-4.1031575	-13.467729	-7.293598	2.4011583	-2.576259	-9.953233	240.0	240.0	735999	-0.93547	1.0916357	0.54322815	-7.1669865	0.9184446	0.003604736	1480.1987767219543
185	-8.761266	1.734417	-6.039568	-11.732169	-8.512178	2.8063526	-5.285227	-15.749096	240.0	240.0	739999	-0.9216631	1.0952044	1.087357	-7.335723	0.9046653	0.00455052	1488.139226436615
186	-8.532335	2.317418	-5.1321993	-14.648385	-7.6618185	2.111536	-3.9106731	-11.044185	240.0	240.0	743999	-0.91048384	1.0983169	0.49234247	-7.2538977	0.8927898	0.00384454	1496.1312892436981
187	-7.5364585	2.654295	-3.755539	-12.654536	-7.637353	2.4163086	-3.437483	-10.26639	240.0	240.0	747999	-0.89222187	1.0958627	0.5835109	-7.745412	0.87510353	0.003748068	1504.1112654209137
188	-7.954665	1.6238632	-5.043267	-10.569718	-6.314692	1.7301658	-3.999337	-10.720851	240.0	240.0	751999	-0.8968895	1.097571	0.566545	-8.425557	0.8798601	0.0038257928	1512.0741314888
189	-8.3968935	2.4935133	-4.576052	-12.391102	-6.324208	2.1404016	-3.0976276	-9.5127	240.0	240.0	755999	-0.8943478	1.0882884	0.60113573	-8.224475	0.87719285	0.003647145	1519.947200536728
190	-8.547766	2.0277183	-5.964226	-13.289966	-7.6145654	1.8093446	-4.9747787	-11.758501	240.0	240.0	759999	-0.89024687	1.0778993	0.6830511	-8.064167	0.8727904	0.0036639564	1528.1836636066437
191	-8.81493	3.2499776	-4.6142755	-18.180733	-7.2132673	2.3079917	-3.7209837	-11.200741	240.0	240.0	763999	-0.8745332	1.0784129	0.925354	-7.597312	0.85617685	0.004119504	1536.182250738144
192	-8.238549	2.8188858	-3.9985127	-13.52329	-7.5088983	2.7891874	-4.3295	-13.340171	240.0	240.0	767999	-0.8620703	1.0647774	0.8951683	-8.155254	0.8446148	0.0037502765	1544.1323330402374
193	-7.621267	2.3471537	-4.9154196	-14.016372	-7.06091	2.3691616	-3.6418874	-10.733987	240.0	240.0	771999	-0.87035143	1.0562016	0.6518755	-7.904359	0.8537622	0.0037602554	1552.075937986374
194	-7.3651476	1.5466789	-4.9037886	-9.633739	-5.486646	1.4616178	-3.7161121	-8.375553	240.0	240.0	775999	-0.8794408	1.0439562	0.5353532	-7.9049826	0.8629402	0.003691404	1560.0643455982208
195	-8.089032	1.9395508	-5.108666	-11.877212	-7.535225	1.8739419	-4.357727	-10.7593355	240.0	240.0	779999	-0.8974587	1.0450814	0.9011998	-7.5964494	0.88148236	0.003387979	1568.0219871997833
196	-8.811485	1.4243481	-5.590643	-11.246668	-6.6131616	2.0368643	-4.389314	-9.641907	240.0	240.0	783999	-0.913719	1.0551642	1.4490843	-7.6103983	0.8974376	0.004110955	1575.9926190376282
197	-7.9550934	1.6541015	-5.347653	-11.534156	-7.065858	1.3241185	-5.09814	-9.677528	240.0	240.0	787999	-0.920688	1.0471846	1.5310884	-8.537962	0.9047936	0.0040714615	1583.955192565918
198	-8.671676	1.9262071	-5.629696	-12.50763	-8.557431	1.8004533	-5.603327	-11.443018	240.0	240.0	791999	-0.93283373	1.0299181	0.96054554	-7.8786526	0.91709673	0.0045158216	1591.839343547821
199	-9.712221	2.8513434	-6.2318425	-17.638548	-8.837466	1.8248401	-5.080944	-12.619019	240.0	240.0	795999	-0.9450616	1.0168192	2.2526712	-7.32856	0.9292385	0.004625387	1599.8056099414825
200	-9.300731	3.1120503	-5.4062753	-16.35272	-8.278008	4.3738656	-4.480356	-19.483364	240.0	240.0	799999	-0.95099956	1.0104328	3.2962465	-7.0843077	0.9347167	0.004161671	1608.016431570053
201	-9.742849	3.1961303	-5.9405336	-19.223164	-5.9331045	1.6375419	-1.9094366	-8.366099	240.0	240.0	803999	-0.9586307	0.99836326	1.9996166	-7.101092	0.9430349	0.0042812633	1615.9798805713654
202	-9.0177	4.589152	-3.9699154	-23.18131	-7.491224	3.0487382	-2.658498	-11.747705	240.0	240.0	807999	-0.97308904	0.99516743	3.6534452	-7.371311	0.9580141	0.0041048564	1623.9401004314423
203	-9.156106	2.788014	-5.1040173	-14.718778	-6.6853333	1.6576074	-4.0809064	-9.94763	240.0	240.0	811999	-0.99671376	1.0201933	0.5540681	-7.8422623	0.98193055	0.0044093095	1631.911007642746
204	-8.455939	2.809213	-3.7791574	-14.577078	-8.5076065	1.6821144	-5.780674	-11.764572	240.0	240.0	815999	-1.0031835	1.0234654	0.4223218	-8.131975	0.9878865	0.00423176	1639.90465426445
205	-9.121655	1.7332767	-6.3153315	-11.665318	-10.068646	3.1616004	-5.306731	-16.845665	240.0	240.0	819999	-0.9988586	1.0247736	0.46670198	-8.166476	0.9832465	0.004564226	1647.871823310852
206	-8.970747	2.2038414	-5.6405554	-13.578513	-8.030115	2.5416923	-3.8056285	-12.783105	240.0	240.0	823999	-0.9925304	1.0291067	0.3481722	-7.7382846	0.9768649	0.004023233	1655.8440489768982
207	-9.104219	2.499543	-4.3742766	-14.157405	-8.320971	2.1848369	-4.3190465	-12.780782	240.0	240.0	827999	-0.99390537	1.0405113	0.36729145	-8.042009	0.9785807	0.0043238113	1663.8283290863037
208	-8.77952	2.4506662	-4.3469954	-12.996935	-7.758031	2.2818708	-3.7713835	-11.253298	240.0	240.0	831999	-0.99682367	1.0457152	0.5393481	-8.370262	0.9818655	0.0043725753	1671.7033705711365
209	-8.936398	3.3398926	-3.7643332	-16.918999	-7.863275	1.8217443	-4.6895614	-10.560384	240.0	240.0	835999	-0.9993955	1.0418862	0.7981	-8.223952	0.98425275	0.004101875	1679.6743698120117
210	-8.070972	2.3329902	-4.584607	-12.084617	-5.7895207	3.063633	-2.9692624	-12.004623	240.0	240.0	839999	-0.99313235	1.0360533	0.43048334	-8.132281	0.9775172	0.0038006902	1687.9037189483643
211	-9.3234625	2.3308659	-5.0958085	-13.950552	-6.6892724	1.556448	-3.402154	-8.998869	240.0	240.0	843999	-0.97550553	1.0232975	0.4029274	-7.8933372	0.959533	0.0042453734	1695.8735690116882
212	-8.566928	4.213771	-4.4042544	-23.914509	-7.508184	2.3151152	-4.8444076	-13.298894	240.0	240.0	847999	-0.97420967	1.0307293	0.5883317	-7.8073115	0.9586139	0.0046514138	1703.833928823471
213	-7.9305463	3.0384812	-3.6944184	-13.171935	-7.3775163	1.7746291	-4.321383	-9.685793	240.0	240.0	851999	-0.97028375	1.0464324	0.77476263	-8.104746	0.9544004	0.0041126697	1711.8754668235779
214	-9.800772	2.2605903	-6.231304	-13.42674	-6.598727	2.248572	-4.021855	-11.6089115	240.0	240.0	855999	-0.96045274	1.0481522	0.4002738	-9.37418	0.9443283	0.0040643904	1719.814691543579
215	-8.491457	2.048418	-3.4437578	-11.346863	-7.1775894	1.6728173	-5.080881	-10.681065	240.0	240.0	859999	-0.9538984	1.0379976	1.4403467	-9.42352	0.93802917	0.0038985442	1727.783759355545
216	-9.346813	2.9655924	-5.71751	-15.661026	-8.4334955	1.7726047	-5.430449	-11.588543	240.0	240.0	863999	-0.9578189	1.0378219	0.4119954	-8.266592	0.9423462	0.0039455853	1735.7374622821808
217	-9.282252	2.2137792	-5.800069	-13.705869	-8.161816	2.6169777	-4.587291	-14.270729	240.0	240.0	867999	-0.96140635	1.0377373	0.3988018	-7.476804	0.9460044	0.003830433	1743.6468901634216
218	-8.781686	2.0740156	-5.6901774	-13.132519	-8.10938	1.9785032	-5.449723	-12.517885	240.0	240.0	871999	-0.96976835	1.0442399	0.59253263	-7.579953	0.9539978	0.0038383894	1751.5767023563385
219	-8.039701	2.3403416	-5.1397166	-13.293092	-7.7431374	1.8855925	-5.6703005	-10.247214	240.0	240.0	875999	-0.9595146	1.0358565	0.8580899	-7.087491	0.9441545	0.003994704	1759.5161519050598
220	-8.371767	2.2640016	-4.903941	-11.120441	-7.228719	1.6222326	-4.182555	-9.731107	240.0	240.0	879999	-0.96018845	1.0403398	0.5385494	-7.637826	0.9449578	0.004022714	1767.7314946651459
221	-8.873844	2.0671396	-5.5494356	-13.443731	-6.761729	2.5704043	-3.395999	-12.481984	240.0	240.0	883999	-0.96711326	1.0413015	2.0777307	-7.7059965	0.95197856	0.0040539308	1775.6890788078308
222	-7.8661256	2.0272152	-5.055714	-11.397538	-8.941694	2.0110135	-5.87222	-11.776982	240.0	240.0	887999	-0.9721323	1.0467436	0.8361201	-7.58932	0.95694274	0.0037806144	1783.6799302101135
223	-8.202798	2.1949182	-5.266839	-13.479275	-7.5124726	1.7803167	-4.280055	-9.705912	240.0	240.0	891999	-0.96605057	1.0478233	1.4741802	-7.5866346	0.9506419	0.0042823935	1791.6308212280273
224	-7.6554384	1.4371492	-5.5296106	-11.0277	-7.4982057	2.5729117	-3.4524252	-12.72216	240.0	240.0	895999	-0.95719725	1.060258	0.43380928	-9.4359045	0.94160825	0.00415618	1799.6127667427063
225	-8.646583	1.9342229	-5.5473194	-11.204604	-6.5208993	1.1581011	-4.5196047	-8.625449	240.0	240.0	899999	-0.9504282	1.070154	0.32634592	-8.384075	0.93435436	0.0039792545	1807.580913066864
226	-7.308899	2.014922	-4.3084435	-10.782851	-7.7388687	2.2991862	-4.7053833	-12.149678	240.0	240.0	903999	-0.9310106	1.0706223	0.4202342	-8.1361885	0.91458637	0.0038020683	1815.4442646503448
227	-7.5048404	1.7517911	-3.3612902	-10.4924755	-8.831202	2.4970965	-4.9167037	-12.68264	240.0	240.0	907999	-0.91575915	1.0719479	0.4847579	-8.137327	0.8992577	0.0038605263	1823.3967592716217
228	-8.518174	2.4971802	-4.6373577	-14.562915	-6.8769593	1.9068161	-3.129164	-9.9520235	240.0	240.0	911999	-0.91076905	1.072174	1.6274486	-8.092306	0.8947406	0.0039655976	1831.3577468395233
229	-7.612615	2.483418	-3.316475	-11.866938	-6.9946213	2.1601193	-3.464938	-9.897747	240.0	240.0	915999	-0.9060993	1.0645567	1.1211119	-8.599037	0.8903207	0.004087571	1839.3249645233154
230	-8.032264	1.6804482	-4.820623	-11.1777315	-5.936565	1.2099024	-4.24936	-8.175593	240.0	240.0	919999	-0.90868664	1.049185	1.5890336	-8.271203	0.8931654	0.0036433232	1847.597538948059
231	-8.431691	3.9268577	-3.8369284	-21.2277	-8.675075	3.582652	-3.7049012	-17.560604	240.0	240.0	923999	-0.9224757	1.0410359	0.40600348	-8.786352	0.9072006	0.0040336167	1855.5618405342102
232	-9.088256	1.9154758	-5.154511	-11.810699	-8.095289	2.4899366	-3.0117528	-11.244283	240.0	240.0	927999	-0.93757147	1.0337956	0.26146412	-8.285262	0.9231042	0.004017234	1863.5771188735962
233	-8.895525	2.3157787	-4.996283	-14.227212	-6.5935173	1.9854997	-4.294456	-9.688493	240.0	240.0	931999	-0.95552033	1.0450921	0.24334526	-8.536101	0.940511	0.0037411405	1871.550847530365
234	-9.952265	2.4084234	-6.876217	-14.871517	-7.6473703	2.3936136	-2.8021097	-10.370916	240.0	240.0	935999	-0.9622068	1.0579977	0.33472157	-8.593463	0.94665647	0.004344557	1879.5459654331207
235	-9.367768	2.510736	-5.520156	-13.456486	-8.220913	1.7943954	-5.733284	-10.522684	240.0	240.0	939999	-0.9496507	1.0578471	1.6551232	-8.7127695	0.9338273	0.0044448846	1887.5167033672333
236	-9.586581	2.437104	-4.23839	-14.850399	-8.405286	1.5601583	-6.2423353	-10.714936	240.0	240.0	943999	-0.94096375	1.056038	0.7886052	-9.049713	0.9252538	0.003729889	1895.3828501701355
237	-9.77567	3.078922	-5.960012	-19.438015	-7.1857095	2.2558565	-4.0682898	-10.900406	240.0	240.0	947999	-0.9334189	1.0555203	0.7288923	-9.20138	0.9175463	0.004099161	1903.3633723258972
238	-8.468904	2.3020856	-4.670256	-12.55873	-5.736871	3.0335436	-2.4713147	-13.39363	240.0	240.0	951999	-0.9195931	1.0557026	1.5752258	-10.570812	0.9035139	0.0038217434	1911.3693838119507
239	-7.8524923	1.7789266	-4.909084	-11.084592	-7.2269325	2.3153272	-3.5489178	-10.545056	240.0	240.0	955999	-0.908284	1.0500067	0.60239697	-9.084793	0.8918689	0.0036057103	1919.3549008369446
240	-8.717675	1.9539231	-5.5226917	-12.940252	-7.538022	2.4233582	-4.327528	-11.471675	240.0	240.0	959999	-0.90252376	1.0495608	0.7034483	-8.691617	0.88627803	0.003988827	1927.6233825683594
241	-8.354368	1.985724	-5.514865	-11.953247	-5.6829996	2.2916796	-2.5969899	-11.24226	240.0	240.0	963999	-0.89193213	1.0378739	0.75039864	-9.277321	0.87596434	0.0040576095	1935.5754482746124
242	-8.117753	1.7501937	-5.3194046	-10.840181	-6.8235846	3.1999815	-3.3404303	-12.67969	240.0	240.0	967999	-0.88998103	1.0396464	0.7481718	-9.629003	0.8737575	0.0038592191	1943.5585000514984
243	-8.00214	2.1349688	-5.57863	-13.953792	-6.946985	2.9160526	-3.1323514	-12.116666	240.0	240.0	971999	-0.88221335	1.028287	0.7431903	-9.272789	0.86598694	0.003381146	1951.5360991954803
244	-9.08688	3.0479686	-3.6156359	-15.043065	-6.133424	1.1947271	-4.63734	-8.303214	240.0	240.0	975999	-0.8882007	1.0152049	0.56539726	-9.140813	0.872705	0.0039080414	1959.5417201519012
245	-8.5490885	2.898815	-5.04982	-14.993561	-6.3768644	2.0515673	-3.935738	-11.62056	240.0	240.0	979999	-0.9024066	1.0153606	0.4398527	-8.471164	0.88693506	0.003739266	1967.3692982196808
246	-10.678853	4.9158525	-5.367483	-22.770836	-9.324201	3.1552196	-5.6413364	-15.185573	240.0	240.0	983999	-0.90731955	1.0227581	0.60775185	-8.024832	0.8914753	0.0037237138	1975.3628373146057
247	-9.614506	3.2131927	-5.162275	-17.065075	-7.4576197	1.8709688	-4.565222	-10.96513	240.0	240.0	987999	-0.90480494	1.0314946	0.5577779	-8.410767	0.88876164	0.0035326572	1983.3242764472961
248	-8.015578	1.9041393	-4.55549	-10.586378	-6.796318	1.7631396	-4.1330633	-10.20824	240.0	240.0	991999	-0.9062487	1.047397	0.6193552	-8.569293	0.89040506	0.003802407	1991.3113460540771
249	-7.773226	1.8754257	-5.268541	-12.416628	-5.500287	2.123597	-3.013561	-10.779267	240.0	240.0	995999	-0.9029679	1.0473192	0.6518569	-8.623869	0.887247	0.0042647733	1999.252004623413
250	-8.726725	2.3060086	-5.138923	-12.723272	-7.4807177	2.0765498	-4.3778076	-11.264096	240.0	240.0	999999	-0.89523196	1.0395821	0.7404733	-8.8850765	0.87881994	0.004054587	2007.5537588596344
251	-8.458061	3.279583	-4.3851476	-17.126545	-8.207232	2.1138382	-5.5819316	-11.09192	240.0	240.0	1003999	-0.86442757	1.0296388	0.7894287	-8.946882	0.846708	0.003672667	2015.537563085556
252	-8.221072	2.8257203	-3.4464462	-15.098005	-6.4924936	2.722481	-3.2873828	-13.399852	240.0	240.0	1007999	-0.8236136	1.0102293	1.0555835	-9.5627775	0.8058189	0.00367078	2023.5142269134521
253	-9.213484	3.434858	-5.019784	-15.470589	-8.357509	3.0859785	-4.073482	-14.840474	240.0	240.0	1011999	-0.7829964	1.0027636	2.3025246	-9.146673	0.7644559	0.0032452259	2031.4591777324677
254	-9.150274	2.753088	-4.6782618	-13.799628	-9.238107	3.2133477	-4.8917613	-14.975568	240.0	240.0	1015999	-0.757875	0.99126375	1.3945904	-10.3993225	0.73984075	0.0031221067	2039.4578657150269
255	-9.633149	4.144408	-3.902322	-17.388874	-9.546557	2.7895632	-5.9887123	-15.023683	240.0	240.0	1019999	-0.7561362	0.96438533	2.4326663	-8.626123	0.7384585	0.0030242228	2047.3366119861603
256	-8.649584	2.6928458	-4.384175	-13.377429	-10.15639	2.9478004	-5.403545	-15.131223	240.0	240.0	1023999	-0.7693967	0.94945925	1.8008118	-8.321381	0.7526661	0.003385764	2055.328542947769
257	-9.841515	3.8909404	-5.865186	-20.065742	-7.1533875	2.0393336	-3.5877323	-10.945257	240.0	240.0	1027999	-0.7818008	0.93878776	1.1909766	-7.6727514	0.76501685	0.0032389655	2063.2934317588806
258	-8.990269	3.646535	-4.3671656	-18.74958	-8.694312	1.9831171	-5.757869	-12.509849	240.0	240.0	1031999	-0.7759978	0.9498349	0.9505582	-7.420686	0.7590301	0.0027422782	2071.271137237549
259	-10.501892	2.742966	-4.622614	-13.995472	-7.8970118	3.460601	-3.0569775	-14.333958	240.0	240.0	1035999	-0.7752406	0.96083206	0.79362583	-7.669588	0.759344	0.0031897807	2079.2519273757935
260	-9.148867	2.2992363	-5.439452	-14.871445	-7.323144	1.8905792	-4.3264327	-10.612239	240.0	240.0	1039999	-0.77277166	0.95776623	0.7723179	-7.6974983	0.756556	0.002852573	2087.5627608299255
261	-9.669777	2.3988974	-5.0145984	-14.908861	-10.78562	7.3037987	-4.296064	-31.19235	240.0	240.0	1043999	-0.77335435	0.94139534	1.400044	-7.1282425	0.7575948	0.0024499374	2095.5453867912292
262	-10.049656	2.4767313	-6.147575	-14.81694	-9.035559	2.135576	-6.123011	-12.268378	240.0	240.0	1047999	-0.7662107	0.92922443	5.360275	-7.260363	0.7483362	0.0029438399	2103.538350343704
263	-10.409816	2.5477562	-5.92691	-15.316071	-8.788591	3.584871	-4.318928	-15.105119	240.0	240.0	1051999	-0.7376726	0.91503423	4.565337	-7.603119	0.71950144	0.0030754718	2111.512974023819
264	-9.437477	2.040922	-6.310603	-12.576561	-8.707947	3.04574	-3.6812751	-13.466626	240.0	240.0	1055999	-0.76260763	0.89744955	2.7875552	-6.9799514	0.7462505	0.0028928053	2119.3701133728027
265	-8.982944	3.2718415	-5.1178923	-18.86927	-9.195448	2.550946	-6.495311	-13.618006	240.0	240.0	1059999	-0.7895615	0.89577174	1.5012398	-7.168826	0.7739026	0.0027411561	2127.317514896393
266	-9.966735	2.7083333	-5.053912	-14.567818	-8.822622	2.4164858	-5.3134637	-13.401121	240.0	240.0	1063999	-0.8004581	0.9125453	0.9488311	-7.536735	0.78443676	0.0029308295	2135.3229801654816
267	-10.956885	3.3539076	-6.7129097	-19.943222	-8.705482	4.385078	-3.1669436	-20.272633	240.0	240.0	1067999	-0.7946337	0.94226855	0.78479767	-7.7251434	0.7785658	0.0027424449	2143.28026676178
268	-8.513817	3.1791248	-3.8083642	-14.693833	-8.30125	1.946918	-4.2688246	-11.101021	240.0	240.0	1071999	-0.7906885	0.95171183	1.0938292	-6.9929485	0.7754444	0.002732659	2151.264995574951
269	-9.913648	3.7107294	-4.893755	-20.118145	-9.40068	2.0173647	-4.9806056	-12.502211	240.0	240.0	1075999	-0.7833452	0.9457783	2.1265073	-6.8415217	0.76722217	0.0025304914	2159.2403264045715
270	-9.036451	4.3436236	-4.125389	-22.937176	-8.824827	3.8286362	-4.022657	-17.84961	240.0	240.0	1079999	-0.7672857	0.91846716	2.89154	-6.7131968	0.7515211	0.0026461768	2167.5281054973602
271	-9.917156	2.3808937	-7.3131175	-15.071415	-9.482088	2.7541192	-3.9946585	-14.079289	240.0	240.0	1083999	-0.7750179	0.92155886	2.291657	-6.790783	0.7593406	0.002603143	2175.5091741085052
272	-10.208503	3.6267278	-5.7504597	-17.102713	-7.569204	1.9645609	-4.0074	-10.645538	240.0	240.0	1087999	-0.7831484	0.90607035	1.3619308	-6.8663216	0.7676861	0.002743745	2183.4492189884186
273	-9.249469	2.966148	-5.76144	-16.638594	-9.428902	2.3249855	-6.696433	-14.114502	240.0	240.0	1091999	-0.80223	0.8983313	0.7218704	-6.8198524	0.7879409	0.0027131431	2191.290085554123
274	-10.565937	3.3358622	-4.6625633	-18.34423	-8.009633	3.2119684	-4.1039734	-15.501182	240.0	240.0	1095999	-0.8221067	0.9073372	0.90993977	-7.534347	0.80767137	0.0027159438	2199.254772424698
275	-9.444706	2.281251	-4.6564503	-13.127024	-7.6502037	1.9886509	-4.800013	-10.94546	240.0	240.0	1099999	-0.82501143	0.90623575	0.7476125	-7.071889	0.81065446	0.0023107843	2207.2492220401764
276	-10.6883	2.2166882	-5.931662	-15.247931	-8.28743	2.2829745	-3.738793	-11.403087	240.0	240.0	1103999	-0.8265559	0.91250235	0.8956022	-6.70062	0.81235766	0.0025596786	2215.1885986328125
277	-9.385723	2.581925	-5.4879217	-16.321404	-8.306168	2.4423828	-5.063827	-12.080691	240.0	240.0	1107999	-0.82163024	0.91795295	0.92381954	-6.9304285	0.80694646	0.0026265206	2223.16796708107
278	-9.234589	2.3953369	-5.036096	-14.540412	-7.343778	2.4955218	-4.5131435	-11.702105	240.0	240.0	1111999	-0.8130585	0.91294575	0.7906523	-6.7972093	0.7979155	0.0022452113	2231.154278278351
279	-11.014239	3.7249215	-7.437986	-24.260345	-8.556011	1.9963139	-4.9789705	-13.0460415	240.0	240.0	1115999	-0.8105321	0.92877907	0.83873177	-6.572092	0.79559016	0.002328843	2239.1476023197174
280	-8.93589	2.274212	-4.2523055	-13.395094	-6.863246	2.0143256	-3.5203483	-9.929227	240.0	240.0	1119999	-0.80112463	0.9399014	0.58545446	-6.7550716	0.78625625	0.0024202538	2247.4462790489197
281	-10.000481	3.3645337	-5.470878	-19.681555	-7.4624224	3.15961	-3.471129	-15.450733	240.0	240.0	1123999	-0.78976244	0.9382183	1.2084413	-7.205824	0.7748811	0.002347373	2255.3889422416687
282	-8.761255	4.2994027	-4.518939	-23.570751	-6.431844	1.942445	-3.3823628	-11.060623	240.0	240.0	1127999	-0.7860835	0.94247156	2.1172395	-7.370534	0.7712461	0.0023563271	2263.3491871356964
283	-9.181381	2.3743544	-6.629396	-17.144243	-8.283578	2.3703306	-3.7909474	-12.110416	240.0	240.0	1131999	-0.7846534	0.9436981	2.50666	-7.631771	0.7696817	0.0021095837	2271.1897888183594
284	-9.69275	2.7218208	-5.1618032	-14.707403	-6.136509	2.18939	-3.0498655	-10.401012	240.0	240.0	1135999	-0.77507436	0.9432986	0.61220455	-7.5036573	0.76000875	0.0024533938	2279.1482543945312
285	-8.640303	2.3635619	-4.68751	-12.74631	-7.0211067	1.7444032	-3.4969776	-10.240952	240.0	240.0	1139999	-0.76065415	0.9481253	0.571033	-7.9212565	0.74521434	0.00218086	2287.0961349010468
286	-9.091597	2.5112464	-4.7464476	-13.734452	-6.83993	2.0662422	-3.5659602	-10.1989975	240.0	240.0	1143999	-0.7501142	0.96033394	0.5575104	-7.8945217	0.7345423	0.0022853508	2295.032361984253
287	-7.65114	2.560646	-3.1622214	-13.168567	-6.2571907	1.5250021	-3.4862833	-8.600973	240.0	240.0	1147999	-0.73217326	0.96056855	0.5974126	-8.043718	0.7161044	0.0021251794	2303.0119574069977
288	-8.235194	2.2253587	-4.0219407	-11.382122	-8.161664	2.2911851	-4.774131	-11.562091	240.0	240.0	1151999	-0.71073705	0.95155054	0.67256117	-7.462859	0.6942888	0.0021527677	2311.042430639267
289	-8.710071	1.9908226	-5.1409035	-11.759875	-6.4089875	2.8901215	-3.5248291	-13.384879	240.0	240.0	1155999	-0.6950414	0.9521322	0.93951225	-7.1382103	0.6785543	0.0019527767	2319.048040151596
290	-8.428333	2.1472466	-4.5902796	-12.55006	-6.799103	1.9044449	-4.5860806	-10.408378	240.0	240.0	1159999	-0.67510784	0.95683616	1.4128313	-7.370086	0.657805	0.0020543865	2327.3374240398407
291	-8.773489	2.3058946	-5.523015	-13.536773	-7.9566636	1.4307282	-5.2842474	-10.630185	240.0	240.0	1163999	-0.64756715	0.97830236	1.6206312	-7.41661	0.62973595	0.0023415375	2335.3291556835175
292	-9.692711	2.5857892	-6.305975	-15.986919	-7.9394827	2.303036	-4.1301455	-10.65625	240.0	240.0	1167999	-0.61762613	1.0002427	2.497661	-7.9065375	0.5997078	0.0021754317	2343.1960742473602
293	-10.253975	2.1708457	-6.0653815	-13.626126	-9.012871	1.3244601	-6.390859	-11.160414	240.0	240.0	1171999	-0.60173345	0.9973329	4.067669	-7.6940722	0.58441526	0.0023100346	2351.195257663727
294	-8.381792	1.8209049	-5.918581	-11.71724	-8.904144	2.1735578	-5.2193413	-13.217952	240.0	240.0	1175999	-0.56156075	1.0243932	3.9645872	-7.5950794	0.5409731	0.0025140224	2359.1552369594574
295	-11.342077	2.4452724	-7.2292576	-15.9299755	-9.507036	2.6430173	-6.3218484	-14.301484	240.0	240.0	1179999	-0.50744814	1.0557407	3.3413382	-7.2011604	0.48796514	0.0031663186	2367.131888151169
296	-9.230831	1.8656771	-6.730115	-14.6443615	-8.735805	1.7294135	-4.3527684	-11.136898	240.0	240.0	1183999	-0.5066176	1.0269425	2.6946063	-7.4009027	0.48821405	0.002694652	2375.1362335681915
297	-9.258165	2.5046191	-4.8174624	-12.907392	-8.986254	3.167144	-4.9904213	-16.823277	240.0	240.0	1187999	-0.51440674	0.9876664	2.351756	-7.089308	0.49636003	0.002396047	2383.1360833644867
298	-9.786333	2.0331166	-5.953426	-12.97777	-8.713316	1.7698746	-6.510398	-11.75349	240.0	240.0	1191999	-0.5286993	0.98125035	2.4608116	-6.69863	0.51093376	0.0025196476	2391.1243789196014
299	-10.47013	2.273905	-7.5928063	-16.561676	-8.400999	2.2754354	-5.2103252	-13.873444	240.0	240.0	1195999	-0.5527603	0.98743314	2.446992	-6.970148	0.5361448	0.0024102593	2399.136377096176
300	-9.582979	3.2921503	-5.907061	-18.134825	-9.775374	2.8862705	-6.4658513	-16.61712	240.0	240.0	1199999	-0.5785372	0.9831586	2.0727487	-6.846182	0.5618486	0.002426143	2407.500732421875
301	-10.142317	2.2930627	-6.40167	-14.838715	-9.633139	3.5087287	-5.3091497	-16.046494	240.0	240.0	1203999	-0.5984696	0.9739424	5.309039	-6.947882	0.5820233	0.0024984246	2415.5156931877136
302	-11.317526	3.435168	-7.3773623	-19.152306	-10.579039	3.1061482	-7.436054	-15.780783	240.0	240.0	1207999	-0.6313781	0.95042634	2.1667552	-6.9700303	0.61567056	0.002314962	2423.3541865348816
303	-11.942959	4.1784534	-5.921524	-20.992012	-10.833654	2.4107144	-6.423001	-14.294487	240.0	240.0	1211999	-0.6644152	0.93570566	2.7558966	-6.887445	0.64876246	0.0023074714	2431.360305070877
304	-10.947089	3.0552604	-5.84739	-18.32039	-10.293043	2.8724623	-5.2869644	-14.820163	240.0	240.0	1215999	-0.68737406	0.9357665	2.7370338	-6.7886324	0.6711679	0.0025774236	2439.3302466869354
305	-8.341995	1.8766397	-5.7296705	-12.75367	-9.215917	2.080729	-6.103551	-12.336766	240.0	240.0	1219999	-0.700182	0.9424161	4.9262342	-6.8776016	0.68437743	0.0023643617	2447.30219912529
306	-10.62802	1.1548254	-8.684423	-12.256816	-9.277388	2.4810925	-5.457446	-14.003455	240.0	240.0	1223999	-0.71580464	0.92571104	2.4486098	-6.430209	0.7000365	0.0023333335	2455.270100593567
307	-11.276083	2.6732361	-5.908228	-18.31369	-13.678309	6.3420734	-4.6079826	-23.528885	240.0	240.0	1227999	-0.72056884	0.9053158	3.5414715	-6.4623065	0.7032189	0.0024634176	2463.197677373886
308	-12.866371	5.67299	-6.624387	-27.227722	-13.485102	5.1461897	-5.578901	-20.603266	240.0	240.0	1231999	-0.6741608	0.9329247	6.322251	-6.886512	0.65176076	0.0031397599	2471.1751334667206
309	-11.284944	4.570084	-5.157132	-23.085342	-8.812334	2.8159347	-5.000763	-14.623309	240.0	240.0	1235999	-0.5955834	1.0126255	6.096474	-7.1488338	0.5739406	0.0033925422	2479.1365146636963
310	-11.79174	3.5881388	-6.300177	-18.815334	-9.625139	3.1124876	-4.5135474	-15.550304	240.0	240.0	1239999	-0.60625654	0.9664749	3.9556236	-7.1089935	0.5872058	0.0028809363	2487.4733316898346
311	-13.000036	4.1679554	-7.517068	-19.797438	-11.798067	4.898847	-5.166756	-18.388895	240.0	240.0	1243999	-0.6210932	0.95029163	2.8677063	-7.0604496	0.60194105	0.00295539	2495.291357278824
312	-13.676738	3.5912569	-7.4169173	-20.806076	-13.303248	3.194151	-8.600786	-18.197418	240.0	240.0	1247999	-0.5526066	1.0618961	4.488229	-6.7364874	0.5261161	0.0038926878	2503.2575838565826
313	-10.553614	4.1572933	-4.2361236	-20.296862	-9.591455	4.8354564	-4.212836	-18.655453	240.0	240.0	1251999	-0.42506596	1.2736787	4.4832425	-6.8105083	0.4023827	0.0064145965	2511.2141489982605
314	-11.6565695	2.814105	-5.979699	-17.57489	-9.125333	2.1858017	-5.4819546	-12.69115	240.0	240.0	1255999	-0.44264108	1.2365031	3.4589543	-7.128994	0.4252771	0.0050805733	2519.147706747055
315	-10.127844	3.2440817	-3.6883502	-15.483166	-9.062422	3.8789136	-4.903166	-18.738394	240.0	240.0	1259999	-0.49042165	1.1773456	3.1057367	-8.269041	0.47365567	0.0034477287	2527.0782437324524
316	-10.67941	3.008223	-6.56608	-17.716293	-9.381027	2.6214185	-6.7765307	-15.463593	240.0	240.0	1263999	-0.5009269	1.1336411	3.258875	-7.44857	0.48203567	0.0033783363	2535.072065114975
317	-12.184425	5.3190856	-5.303752	-26.251379	-9.265215	4.842985	-4.025657	-21.620565	240.0	240.0	1267999	-0.512222	1.0834433	3.1421309	-8.2489605	0.49410045	0.0031940516	2543.0360996723175
318	-12.371987	5.2175026	-6.4536767	-28.651217	-10.104652	3.1345394	-4.656251	-15.821	240.0	240.0	1271999	-0.55538553	1.038798	2.935948	-8.115506	0.5390042	0.0026622354	2550.992048025131
319	-12.137416	4.4509816	-6.4194465	-19.335434	-12.041354	5.6158004	-6.5873117	-25.786646	240.0	240.0	1275999	-0.6069905	0.9889186	2.6968808	-7.908277	0.5909048	0.0026542349	2558.988788127899
320	-11.60849	3.7627602	-5.165345	-17.89017	-8.427627	1.9437323	-5.7861276	-12.2709875	240.0	240.0	1279999	-0.6442462	0.95591515	2.2500343	-7.6959095	0.6280351	0.0023494605	2567.3012516498566
321	-9.55957	1.9303278	-6.0558996	-12.913374	-8.116666	1.870032	-4.8797946	-11.244276	240.0	240.0	1283999	-0.6706138	0.9507214	2.3712296	-6.721882	0.6544844	0.002598938	2575.1542959213257
322	-9.84066	2.2813857	-6.511219	-12.781742	-8.403462	1.7669234	-5.4383874	-11.796769	240.0	240.0	1287999	-0.6924276	0.9620367	2.5728707	-7.1491156	0.67621267	0.0025306165	2583.1253337860107
323	-10.45094	2.9403834	-5.225902	-16.928654	-7.9742103	2.3870234	-5.5848193	-12.892751	240.0	240.0	1291999	-0.70559156	0.9666058	1.8515882	-7.3771877	0.68946797	0.0025865445	2591.078819513321
324	-10.636072	2.1933935	-6.831786	-14.067852	-9.772676	1.8479885	-6.485958	-12.542203	240.0	240.0	1295999	-0.7039705	0.9773098	1.5637221	-7.0425014	0.6873844	0.0024412859	2599.0383625030518
325	-10.941262	3.9194868	-5.997527	-18.280771	-8.656805	1.9753175	-4.3907843	-11.955186	240.0	240.0	1299999	-0.69955474	0.9728381	1.1439323	-7.426075	0.6831318	0.0025716892	2607.0395781993866
326	-9.913549	2.6623359	-4.328822	-15.448576	-8.661493	2.5213196	-4.015613	-12.252566	240.0	240.0	1303999	-0.6971781	0.9487845	0.993515	-7.2014933	0.6809343	0.0026828502	2615.0398592948914
327	-9.452992	2.045347	-5.926524	-13.560808	-7.7856817	2.0833845	-4.9799542	-12.408856	240.0	240.0	1307999	-0.7127769	0.9279873	1.116962	-7.0090938	0.6971273	0.002567839	2623.011961698532
328	-9.575661	2.9977796	-5.0533624	-15.802602	-7.102578	2.3437364	-3.5790966	-11.261624	240.0	240.0	1311999	-0.7420386	0.93117326	1.026361	-6.900472	0.7276561	0.0025566902	2630.9864859580994
329	-11.170223	3.8939164	-5.950784	-18.470625	-7.9510903	1.8023669	-6.274065	-12.601607	240.0	240.0	1315999	-0.77936584	0.93649185	1.7568855	-6.9115095	0.7651359	0.0025048647	2638.9438469409943
330	-9.552824	2.4256833	-4.807488	-15.605934	-10.283682	3.202499	-5.3334565	-16.726074	240.0	240.0	1319999	-0.79961956	0.9266903	1.55333	-7.325719	0.7847412	0.0026713142	2647.1829702854156
331	-9.798519	3.431131	-5.1886907	-17.590939	-8.96997	1.8154104	-5.4643183	-11.995402	240.0	240.0	1323999	-0.80629206	0.91658884	1.2567215	-7.2609296	0.79023534	0.0025929841	2655.1636979579926
332	-10.390719	2.911451	-5.913159	-17.18962	-10.187804	4.6549134	-5.9956446	-19.884993	240.0	240.0	1327999	-0.8056297	0.9170443	1.4513454	-7.130068	0.7903611	0.0026535282	2663.159281015396
333	-10.844566	2.0553095	-6.2234035	-14.831556	-9.893638	3.106052	-5.3382535	-17.255558	240.0	240.0	1331999	-0.80819625	0.9318367	1.4785366	-7.2348957	0.79236573	0.0028188417	2671.0920929908752
334	-10.661403	1.7291919	-7.181635	-15.094509	-8.372374	2.6847932	-5.188214	-14.926332	240.0	240.0	1335999	-0.8016987	0.9417895	1.6425104	-7.1256027	0.78606784	0.0026845566	2679.0830824375153
335	-11.208362	2.2362936	-8.146731	-14.906276	-11.152384	1.9108454	-7.334332	-14.294924	240.0	240.0	1339999	-0.7885543	0.9377862	1.5216732	-6.9422073	0.7717041	0.0027153655	2687.013923406601
336	-10.017828	2.41018	-6.2206025	-14.307466	-8.6711	1.530191	-6.5913553	-11.11484	240.0	240.0	1343999	-0.7545703	0.9233205	1.4291277	-6.855462	0.73614246	0.0027721012	2695.010408639908
337	-11.790093	2.8104243	-6.2791533	-16.938782	-8.611055	2.5282252	-4.985284	-13.60247	240.0	240.0	1347999	-0.71834725	0.9230024	1.6654382	-7.150188	0.69950604	0.0025081951	2702.9838922023773
338	-11.324421	2.4817283	-6.9110928	-16.831707	-12.756174	3.7619355	-8.152308	-18.367147	240.0	240.0	1351999	-0.6917701	0.9615518	1.9929581	-7.2355947	0.6733057	0.002630247	2710.9691286087036
339	-10.799107	3.967008	-3.9889867	-18.662504	-11.07305	5.621723	-4.8009267	-25.384748	240.0	240.0	1355999	-0.6809075	0.9942832	1.9296865	-7.6375113	0.66300184	0.002659176	2718.825914621353
340	-10.48568	2.3251615	-5.954687	-14.907147	-10.704292	2.7859085	-6.0088453	-16.781082	240.0	240.0	1359999	-0.6687248	0.9918641	1.6792879	-7.2278194	0.65008175	0.0023885851	2727.197423696518
341	-11.364705	3.7552736	-4.841627	-17.511879	-10.275553	3.0114224	-6.919125	-18.046877	240.0	240.0	1363999	-0.64381003	0.9957754	2.0749297	-6.9749527	0.6247008	0.002714374	2735.14905834198
342	-11.52446	3.2327654	-5.85203	-19.418987	-9.55142	6.052707	-3.9883425	-26.229132	240.0	240.0	1367999	-0.61839616	0.9935587	2.270463	-6.821747	0.59912914	0.0025472532	2743.093423843384
343	-14.663938	7.1815085	-6.939266	-33.468884	-14.410487	5.084841	-6.2006726	-25.040005	240.0	240.0	1371999	-0.603729	0.99279636	6.659073	-6.7429914	0.5840419	0.0031385226	2751.0795357227325
344	-13.373491	5.4579735	-6.661933	-30.254814	-11.46237	3.3380075	-6.4678245	-17.922037	240.0	240.0	1375999	-0.5839886	0.97986555	3.5034919	-8.380112	0.56411904	0.0032811558	2759.0743284225464
345	-11.279357	3.2291818	-7.6243787	-20.449846	-10.075444	3.2957993	-4.2779856	-14.17753	240.0	240.0	1379999	-0.5929713	0.96527684	2.427197	-6.984936	0.574219	0.0026378108	2767.051708459854
346	-11.935579	4.2986803	-7.5781612	-24.039713	-11.296694	3.003905	-5.092659	-16.492517	240.0	240.0	1383999	-0.615208	0.9633459	3.0655937	-7.772415	0.59664	0.0025165973	2775.026679992676
347	-10.441142	2.3150756	-7.06555	-15.430031	-10.632898	1.9180852	-7.0859942	-13.235086	240.0	240.0	1387999	-0.6307225	0.97109795	2.8823109	-8.55323	0.6121352	0.0026622387	2783.025316953659
348	-11.513899	4.0123277	-6.0596714	-21.00865	-10.43008	2.7604642	-4.9883103	-13.899176	240.0	240.0	1391999	-0.65630835	0.97956485	2.0398908	-9.03896	0.63932276	0.0028343147	2791.0129051208496
349	-11.630246	4.212566	-6.0569124	-23.331831	-10.985112	6.061647	-5.5554686	-27.617477	240.0	240.0	1395999	-0.698748	0.96059066	2.9538994	-10.124705	0.6831194	0.0027989487	2798.872906446457
350	-10.049887	2.390827	-6.2639065	-15.060872	-10.688215	4.489226	-5.285127	-19.23511	240.0	240.0	1399999	-0.73405474	0.94310325	7.939853	-10.194431	0.7166466	0.0027442477	2807.2611739635468
351	-11.643677	4.5380654	-4.471898	-25.939682	-9.019442	3.3501694	-4.778012	-16.92799	240.0	240.0	1403999	-0.7255102	0.9329293	8.706178	-9.862144	0.7057564	0.0033117163	2815.2166047096252
352	-12.04933	3.5928237	-6.5885873	-19.066992	-11.024698	3.0604732	-7.9075437	-16.099401	240.0	240.0	1407999	-0.72527975	0.91368747	6.1218233	-7.605158	0.7060953	0.0030282573	2823.1727969646454
353	-12.433755	2.7887356	-7.1312256	-15.981911	-13.622853	6.720608	-5.78915	-22.467129	240.0	240.0	1411999	-0.75115234	0.91076577	6.4281583	-8.570852	0.7336612	0.0029763123	2831.1407783031464
354	-12.362757	5.904124	-3.873176	-27.649994	-8.509288	6.14764	-2.994191	-25.157066	240.0	240.0	1415999	-0.78146625	0.923284	4.311585	-7.3556223	0.76415557	0.0034463063	2839.1400072574615
355	-11.93878	4.8334193	-5.7497616	-25.956877	-9.119208	3.2351604	-4.392664	-13.578256	240.0	240.0	1419999	-0.8021302	0.96203876	2.580008	-7.4201865	0.7856386	0.0031286473	2847.1057875156403
356	-9.8489065	1.946628	-6.120559	-12.90307	-10.676332	4.827327	-4.803079	-20.44964	240.0	240.0	1423999	-0.82655823	0.977462	2.5072951	-7.2842298	0.8109353	0.0033751242	2855.0627233982086
357	-12.019808	3.395688	-5.79469	-22.331182	-6.5495896	1.737748	-3.5050616	-9.074714	240.0	240.0	1427999	-0.8456689	0.97580934	1.806499	-7.5284615	0.83018166	0.0034137832	2863.0227649211884
358	-10.408571	3.1508489	-4.4051824	-17.767355	-10.633126	5.8503504	-3.7888584	-23.722681	240.0	240.0	1431999	-0.8571943	0.96768564	1.8729858	-7.605849	0.8410499	0.0036013203	2870.8388402462006
359	-11.938635	4.678636	-5.8362384	-24.24655	-10.082166	3.434641	-6.8417363	-16.485987	240.0	240.0	1435999	-0.8526559	0.96481264	1.6843548	-7.4298964	0.8359264	0.0036882712	2878.8237931728363
360	-12.032927	3.4934824	-5.286707	-17.323872	-9.414559	2.4069607	-4.8621635	-12.405822	240.0	240.0	1439999	-0.8507052	0.97475183	1.7661295	-7.0656343	0.8342505	0.0037439375	2887.218493938446
361	-12.141225	2.2817025	-8.394394	-17.270977	-10.096218	4.164348	-4.786278	-16.735075	240.0	240.0	1443999	-0.85446924	0.98540896	1.7723913	-7.4495564	0.83871645	0.0035262676	2895.1944608688354
362	-11.192071	3.3757267	-5.4761605	-17.302246	-11.479628	4.676194	-6.2716813	-20.064833	240.0	240.0	1447999	-0.86784244	0.99262005	1.1482687	-8.91854	0.8517101	0.0035493076	2903.196273803711
363	-10.934911	3.550229	-5.381911	-18.692873	-8.58008	2.992594	-6.023882	-14.41224	240.0	240.0	1451999	-0.86134344	0.98424965	0.88824606	-9.133296	0.844203	0.0036095278	2911.1983456611633
364	-12.162039	2.9053185	-8.201074	-18.117422	-9.944696	2.3708856	-4.6996927	-13.258526	240.0	240.0	1455999	-0.8418257	0.9715073	1.3436131	-7.696699	0.82490957	0.0035120586	2919.21186709404
365	-10.572646	2.2012212	-7.6151576	-15.485204	-9.288046	2.0899448	-6.5667133	-13.355822	240.0	240.0	1459999	-0.84866685	0.95549494	1.049922	-8.181973	0.83234507	0.0031951515	2927.168356180191
366	-9.955397	2.844523	-6.4469323	-16.804934	-9.456186	2.2543848	-4.4366384	-12.021815	240.0	240.0	1463999	-0.8672675	0.96076083	0.7339587	-7.7596645	0.85136133	0.0035165676	2935.1700394153595
367	-10.400038	2.1217446	-7.061484	-13.489767	-8.5213995	3.913931	-3.631744	-17.58812	240.0	240.0	1467999	-0.88093424	0.9632338	0.71741915	-8.267164	0.86538845	0.003470461	2943.156735420227
368	-11.136983	1.824728	-7.396832	-15.595713	-10.215174	3.0865488	-5.2993956	-15.981194	240.0	240.0	1471999	-0.8996821	0.97309667	1.0929255	-8.425224	0.8840625	0.003581364	2950.992871761322
369	-10.527264	3.5933917	-4.788249	-18.231918	-8.442361	2.37346	-5.796238	-12.476251	240.0	240.0	1475999	-0.9090613	0.976454	1.1598911	-9.532457	0.8932611	0.0032407101	2958.9760138988495
370	-9.759083	2.6476154	-5.473654	-15.700524	-7.080226	1.4519811	-5.058607	-9.990236	240.0	240.0	1479999	-0.9052235	0.9639545	2.1629949	-7.607853	0.8885676	0.0036033052	2967.331474304199
371	-11.480852	3.2559583	-6.8688245	-17.317657	-10.242607	3.5439034	-6.368084	-16.293844	240.0	240.0	1483999	-0.9060909	0.97165823	2.2857265	-10.904915	0.8892237	0.0038499492	2975.2809636592865
372	-10.924406	2.9787438	-4.871668	-16.113321	-8.733803	3.5154598	-2.7513773	-17.34738	240.0	240.0	1487999	-0.90774703	0.980431	0.81126547	-7.523884	0.8915535	0.0038210326	2983.2810022830963
373	-9.521563	2.4440298	-4.559396	-14.154973	-6.8785467	2.8653293	-2.9998772	-12.648377	240.0	240.0	1491999	-0.9097698	0.9697726	0.8662386	-8.330916	0.8934868	0.004049434	2991.255622148514
374	-10.7049055	3.0164092	-6.1572328	-16.073679	-8.209624	2.4951913	-3.9676566	-12.960345	240.0	240.0	1495999	-0.91053784	0.96067446	0.9537263	-8.074305	0.89428645	0.0037634277	2999.167289495468
375	-10.331711	2.8854225	-5.9986563	-16.611204	-7.231498	2.7629201	-2.0610354	-10.867617	240.0	240.0	1499999	-0.89895964	0.97023964	0.9301686	-8.931695	0.88176715	0.0037638312	3007.1664667129517
376	-9.693557	2.802594	-5.465489	-15.124885	-10.665632	4.0638814	-5.3079624	-18.361317	240.0	240.0	1503999	-0.88725936	0.98377365	1.2169003	-9.300015	0.8698623	0.0034707985	3015.1187245845795
377	-9.936827	2.7114983	-6.896718	-16.35776	-9.374793	2.1765082	-7.3413935	-13.944875	240.0	240.0	1507999	-0.8662657	0.9886655	1.2683239	-8.6607895	0.84788305	0.0038299272	3022.960372209549
378	-11.276593	3.3782163	-6.386653	-17.606922	-8.529332	2.718359	-5.335786	-13.536755	240.0	240.0	1511999	-0.8461299	0.99316263	1.1836143	-9.689781	0.8285692	0.003598286	3030.876591205597
379	-10.582287	2.7402196	-6.9092927	-16.685905	-8.154782	1.3157387	-6.498627	-10.907617	240.0	240.0	1515999	-0.84883606	1.0021178	1.421493	-8.685568	0.8315274	0.0039691767	3038.8673508167267
380	-10.115041	4.8788247	-4.699205	-28.21294	-8.4201355	1.7316469	-5.5868497	-10.88687	240.0	240.0	1519999	-0.8556654	1.0162312	1.5097532	-8.890347	0.8381925	0.00371825	3047.269590616226
381	-11.014591	3.8241608	-5.9841213	-22.084972	-10.661502	4.556601	-4.4768105	-19.306496	240.0	240.0	1523999	-0.8454303	1.0386348	1.6513934	-11.394091	0.82712686	0.0040743407	3055.295888900757
382	-9.867558	3.3261747	-5.187095	-17.22472	-8.383497	2.5243514	-5.175594	-13.230008	240.0	240.0	1527999	-0.8257528	1.0388863	1.7459106	-12.116037	0.8069182	0.004761819	3063.285576581955
383	-10.894478	5.0304666	-6.615321	-28.12378	-10.460606	2.4547126	-7.069954	-15.807635	240.0	240.0	1531999	-0.81953734	1.054717	1.7813826	-12.83621	0.80120313	0.0042739105	3071.2820801734924
384	-12.181766	3.610331	-7.0213456	-20.489264	-8.604269	2.7548316	-4.243095	-13.700645	240.0	240.0	1535999	-0.823128	1.0342076	1.6110363	-10.442913	0.80499524	0.0038850242	3079.274611711502
385	-11.286932	3.6486886	-5.63312	-19.073292	-8.60922	3.989158	-5.8274565	-20.06268	240.0	240.0	1539999	-0.8335801	1.0064629	1.3944378	-10.212065	0.81625354	0.003996705	3087.2632174491882
386	-10.709437	3.2502615	-6.275593	-18.549252	-10.213498	2.938097	-6.4486275	-14.951848	240.0	240.0	1543999	-0.8580082	0.97853297	1.1718764	-10.081756	0.84121925	0.0041234517	3095.1124246120453
387	-11.100359	3.3263123	-5.471871	-17.674032	-8.872196	2.2011623	-4.418956	-11.541626	240.0	240.0	1547999	-0.8814636	0.96249795	0.87208414	-8.340307	0.86510515	0.0039544213	3103.04953455925
388	-11.205052	2.3361511	-5.129415	-16.391403	-7.9190683	3.5014806	-4.043923	-13.358621	240.0	240.0	1551999	-0.8992932	0.9440704	0.6492977	-8.211729	0.8826016	0.0036743337	3111.0462980270386
389	-11.540145	3.0747027	-5.8439083	-16.144157	-7.983217	2.2420528	-3.811934	-11.187765	240.0	240.0	1555999	-0.91686994	0.9378763	0.53693056	-8.411153	0.90058243	0.003931985	3119.0523772239685
390	-10.564417	2.716182	-5.4785657	-15.446887	-7.508592	2.17309	-3.4043703	-10.692466	240.0	240.0	1559999	-0.9383573	0.95382196	0.43455648	-8.526216	0.922203	0.0037757293	3127.4719064235687
391	-10.841481	2.7526689	-6.184821	-16.25994	-9.771918	2.3357587	-7.102548	-15.917577	240.0	240.0	1563999	-0.9590428	0.97105306	0.49556017	-8.243872	0.94334865	0.0039494988	3135.4302740097046
392	-9.087293	2.1420674	-5.778745	-12.510673	-8.170277	2.431386	-4.2503757	-12.869574	240.0	240.0	1567999	-0.9631695	0.98663837	0.7910657	-7.273676	0.94638807	0.004098361	3143.396449804306
393	-10.308168	2.399222	-7.234	-15.45624	-8.285777	3.0100315	-4.958802	-13.685852	240.0	240.0	1571999	-0.94672704	0.9977721	0.85314846	-7.286729	0.9296113	0.0037590982	3151.384028673172
394	-9.32976	1.8640549	-5.4435205	-12.830616	-6.469121	1.9677315	-3.5636208	-9.298562	240.0	240.0	1575999	-0.9313525	1.0018144	1.0577493	-7.493069	0.91402173	0.00445436	3159.3403837680817
395	-9.45602	2.1520562	-6.534515	-13.928565	-8.288655	2.513339	-4.0925484	-11.842572	240.0	240.0	1579999	-0.9139185	1.0015415	1.1352706	-7.1465545	0.8963628	0.003806208	3167.3257133960724
396	-9.47538	1.8922718	-5.0956244	-13.170693	-9.591988	2.0548077	-6.6728954	-13.700888	240.0	240.0	1583999	-0.897838	0.9988429	1.331255	-7.463006	0.87934	0.004257386	3175.1329278945923
397	-9.784449	2.607992	-4.7000165	-13.9986105	-8.711321	2.2568579	-5.6472726	-12.478746	240.0	240.0	1587999	-0.8615295	1.0002412	1.7195578	-7.5566587	0.8423484	0.0038856247	3183.0810499191284
398	-9.732061	2.7696388	-5.6028676	-15.412165	-8.32638	2.8256674	-4.0719433	-15.419512	240.0	240.0	1591999	-0.83745545	1.0024781	2.0230432	-8.02273	0.81854296	0.0035695916	3191.0850682258606
399	-10.178345	3.473298	-5.8906503	-19.330772	-7.8896723	3.1866016	-4.926204	-16.407616	240.0	240.0	1595999	-0.8314328	1.0028603	2.1438923	-8.462875	0.8129229	0.0038369014	3199.054152727127
400	-10.442642	3.4257975	-5.4453516	-16.287209	-8.020185	1.4979482	-6.0058665	-10.462792	240.0	240.0	1599999	-0.8168616	0.998383	2.1100116	-7.0226135	0.79736567	0.004043129	3207.4618167877197
401	-10.659497	3.951693	-5.639676	-19.497519	-8.677374	3.4855108	-4.493084	-13.273537	240.0	240.0	1603999	-0.7916145	0.99676573	2.0318537	-7.893483	0.7710631	0.003628587	3215.45135474205
402	-10.3092575	3.1069522	-6.0350847	-16.361921	-9.199244	2.5871878	-4.4782715	-12.980104	240.0	240.0	1607999	-0.752934	1.0158815	2.6773872	-8.3765545	0.7307512	0.0035796089	3223.4288272857666
403	-11.802447	2.9411986	-6.709315	-18.101284	-8.113829	3.3835106	-3.7020035	-16.07652	240.0	240.0	1611999	-0.6954679	1.0515748	3.1180062	-7.4730124	0.67162484	0.003827344	3231.4114530086517
404	-11.759597	4.2444882	-4.9053807	-21.873178	-8.212233	2.777266	-3.4342136	-12.816075	240.0	240.0	1615999	-0.6430854	1.0711937	3.2036185	-7.986065	0.6195697	0.004170842	3239.3609330654144
405	-13.089102	3.5101578	-9.171154	-19.299717	-13.032519	4.9048834	-6.158397	-21.944538	240.0	240.0	1619999	-0.5911729	1.0680276	3.1266222	-7.3685718	0.5659687	0.004373348	3247.1916456222534
406	-9.250776	1.8748538	-6.4491334	-13.5445	-12.360123	4.356145	-6.0553265	-18.266798	240.0	240.0	1623999	-0.56390816	1.0503557	2.7236905	-7.9628124	0.5400261	0.0041967975	3255.1827597618103
407	-12.366366	2.6950839	-8.734708	-17.690481	-13.094595	4.934987	-6.213007	-23.610321	240.0	240.0	1627999	-0.5499157	1.0292027	2.2496333	-7.87442	0.5255946	0.004484665	3263.1641643047333
408	-11.717061	4.245817	-5.7357383	-22.47858	-11.510541	4.788032	-5.3326063	-21.356071	240.0	240.0	1631999	-0.5330936	1.0317229	1.9278646	-7.878249	0.508001	0.004346012	3271.1342737674713
409	-12.468257	3.2649653	-6.172602	-17.704136	-10.101414	3.1213963	-6.793094	-16.347929	240.0	240.0	1635999	-0.53167236	1.0339836	1.6267314	-7.653662	0.5079513	0.0041837776	3279.11350607872
410	-9.014924	2.6707559	-4.8366857	-14.281481	-11.23536	7.681241	-4.51783	-29.037357	240.0	240.0	1639999	-0.54891855	1.0177866	3.9887624	-8.576793	0.52555656	0.004519851	3287.5429594516754
411	-13.423699	2.7936587	-8.625632	-19.760654	-11.052459	3.8209748	-5.5919576	-18.793411	240.0	240.0	1643999	-0.5382893	1.0118469	3.8336248	-7.7970834	0.5123898	0.004541071	3295.5631399154663
412	-12.836344	2.8225703	-6.123122	-17.96633	-10.406199	3.0720181	-5.4464674	-14.942998	240.0	240.0	1647999	-0.52246684	1.0010852	2.9778872	-7.5564146	0.497312	0.0043954635	3303.540504217148
413	-11.735329	4.635299	-6.8384624	-24.7739	-10.654193	3.6696663	-5.87026	-16.040339	240.0	240.0	1651999	-0.5274557	1.0170721	2.1775432	-7.909514	0.5023876	0.0043465444	3311.5221195220947
414	-14.703363	5.076289	-6.0806565	-25.613121	-11.457581	6.294852	-4.3800664	-26.467731	240.0	240.0	1655999	-0.5403609	1.0441623	2.2694597	-7.1979494	0.5175383	0.004712244	3319.46848988533
415	-12.125773	4.9476905	-6.445577	-25.282438	-12.139778	3.0727339	-5.1164165	-15.940998	240.0	240.0	1659999	-0.59551275	1.0724021	2.2693276	-8.223237	0.5755948	0.0047137514	3327.306049346924
416	-14.055401	5.6885633	-6.322241	-24.542173	-13.007329	6.3348665	-6.6396017	-24.92477	240.0	240.0	1663999	-0.64920413	1.0738931	4.275885	-7.550708	0.6287168	0.0042685526	3335.3092937469482
417	-13.542376	3.3314707	-7.9666257	-21.840609	-9.811022	2.2640522	-7.0198245	-13.8115425	240.0	240.0	1667999	-0.6505344	1.0857538	4.422516	-7.314036	0.6271029	0.004901287	3343.2645587921143
418	-12.376312	4.248001	-7.4210925	-23.999826	-12.229949	3.749632	-7.622354	-19.542595	240.0	240.0	1671999	-0.6648029	1.0805194	3.3642778	-8.07221	0.64323926	0.004764589	3351.2605187892914
419	-11.148257	2.357077	-7.456146	-16.415861	-10.242066	3.0231419	-6.310514	-16.20225	240.0	240.0	1675999	-0.6868692	1.046377	3.5536442	-8.37393	0.66469383	0.004712315	3359.251628637314
420	-12.140944	2.972721	-6.430155	-20.94285	-10.34563	3.8190777	-5.431858	-19.093279	240.0	240.0	1679999	-0.6986922	1.033916	3.7224479	-9.5534525	0.6768793	0.0043925266	3367.732580423355
421	-11.257383	3.768227	-6.5120883	-20.827822	-12.169081	4.464241	-5.0046277	-18.184912	240.0	240.0	1683999	-0.7113279	1.0266137	1.5256205	-8.587757	0.68962383	0.004605851	3375.7193582057953
422	-12.094992	4.3309183	-6.854464	-20.603083	-10.6067095	4.479245	-5.5756907	-21.44242	240.0	240.0	1687999	-0.7245301	1.02195	1.3049321	-8.38318	0.70335865	0.0044633653	3383.7257437705994
423	-14.661963	4.901604	-6.831845	-22.787338	-11.354376	3.5882301	-7.5225387	-20.692753	240.0	240.0	1691999	-0.7491934	1.023909	1.2313709	-7.975805	0.72906053	0.0049142875	3391.6557195186615
424	-10.860091	3.532668	-6.852687	-21.16032	-10.843895	2.5364716	-7.2210703	-15.032678	240.0	240.0	1695999	-0.78924656	1.0200413	0.9817729	-7.671565	0.7699888	0.004652462	3399.4438438415527
425	-13.82003	2.1071742	-9.913821	-17.969225	-10.378985	3.8245382	-4.0142384	-15.582367	240.0	240.0	1699999	-0.8160676	1.0094179	0.9625664	-8.471321	0.7955213	0.0049643647	3407.4495310783386
426	-11.019245	3.2696738	-5.6291656	-20.785603	-11.808641	2.783112	-5.026686	-14.924398	240.0	240.0	1703999	-0.8083041	1.0043445	1.179163	-8.808096	0.7866649	0.00489762	3415.3936533927917
427	-10.827385	2.7726483	-4.7910924	-14.193396	-9.961251	1.7750283	-6.3036933	-12.386285	240.0	240.0	1707999	-0.81298065	1.0259142	1.2192516	-8.5902815	0.792565	0.0046751034	3423.3909447193146
428	-12.891	2.2540314	-8.961888	-17.960335	-8.189417	3.066596	-4.802513	-13.8959255	240.0	240.0	1711999	-0.8195617	1.044986	1.4561963	-10.038733	0.79857546	0.0049304194	3431.3428344726562
429	-13.161185	3.1777053	-8.930707	-18.735826	-15.338417	5.5306234	-9.2747345	-26.202644	240.0	240.0	1715999	-0.81336963	1.0425489	1.3928356	-9.089155	0.7925141	0.005108886	3439.434079647064
430	-14.403885	4.8181305	-8.909479	-29.969885	-11.55875	2.5061276	-6.168293	-15.101769	240.0	240.0	1719999	-0.8184747	1.0408139	1.1250448	-12.220995	0.79777765	0.005289765	3448.0406510829926
431	-14.103285	4.906445	-6.589353	-26.366869	-9.909799	3.4899018	-5.2361817	-15.69433	240.0	240.0	1723999	-0.8105229	1.0268329	1.2452846	-9.8465395	0.78879845	0.004988199	3456.052533388138
432	-11.119593	2.2425802	-7.6561866	-14.976413	-11.145978	2.7614284	-4.465289	-14.109174	240.0	240.0	1727999	-0.8055036	1.0061557	1.2381263	-8.588952	0.7842887	0.0047697946	3464.5564930438995
433	-14.288477	6.502878	-6.2543416	-30.198933	-10.701749	3.7226558	-5.7129774	-20.133099	240.0	240.0	1731999	-0.8090066	0.98840845	1.2245216	-8.1521015	0.7879288	0.0045344476	3472.640545606613
434	-11.798931	3.5466914	-5.8372726	-19.461613	-9.835135	3.2077386	-5.276208	-14.346249	240.0	240.0	1735999	-0.8179903	0.99217457	1.6071239	-8.766842	0.7976498	0.004567435	3480.9242944717407
435	-11.643218	2.9287658	-5.9786663	-18.24989	-9.587475	3.7151191	-3.519285	-16.629862	240.0	240.0	1739999	-0.8467906	0.9919554	2.2204657	-8.355633	0.8273064	0.004653129	3489.1766831874847
436	-11.955692	2.654746	-6.6603856	-15.63756	-11.178335	1.8309917	-8.711578	-13.920412	240.0	240.0	1743999	-0.86578625	0.9861937	2.30623	-8.388794	0.8461914	0.0048679546	3497.3234899044037
437	-13.37416	3.8103414	-8.553748	-23.637417	-11.282447	2.7278707	-7.8913975	-16.011763	240.0	240.0	1747999	-0.87753963	0.9868571	1.4825816	-8.713442	0.85606235	0.0048421165	3505.583765029907
438	-14.05922	4.151382	-8.892801	-25.76639	-13.366074	4.047985	-7.535148	-20.907513	240.0	240.0	1751999	-0.8688358	0.9886418	1.5215497	-8.311525	0.8471468	0.0046968996	3513.9449667930603
439	-13.363827	4.57683	-6.6743536	-25.032518	-10.599279	4.491829	-6.3605304	-20.99345	240.0	240.0	1755999	-0.87202764	0.9897353	1.415483	-8.384648	0.85122204	0.004639867	3522.136479139328
440	-11.333794	3.628668	-5.0993114	-19.753794	-10.974325	5.827301	-4.37259	-22.597332	240.0	240.0	1759999	-0.88620657	0.9892862	1.1016526	-9.092745	0.8656614	0.0044470225	3530.849184036255
441	-12.495548	3.164449	-9.111154	-21.17733	-9.040723	2.263958	-4.252151	-12.461604	240.0	240.0	1763999	-0.8953185	0.9953342	0.8861971	-8.808981	0.874224	0.005204142	3539.1080462932587
442	-13.142979	3.478599	-8.793067	-21.101286	-10.889789	3.5822992	-6.19669	-17.653734	240.0	240.0	1767999	-0.8835904	0.9992843	1.06216	-7.6342096	0.86209667	0.005055561	3547.409483194351
443	-11.064615	1.7329968	-8.479449	-15.455807	-10.299418	3.3986573	-6.2686324	-17.082748	240.0	240.0	1771999	-0.8765506	0.9931446	0.9554763	-8.54751	0.8552224	0.004886535	3555.5374205112457
444	-11.605002	3.607596	-7.234563	-20.058615	-8.777148	3.8832953	-3.9273512	-15.446827	240.0	240.0	1775999	-0.87352186	0.99205256	1.1168852	-8.786762	0.8522597	0.0048676706	3563.964387655258
445	-12.248068	2.8413796	-7.6453886	-19.236212	-11.488272	2.9523175	-5.8416705	-14.701356	240.0	240.0	1779999	-0.8966461	1.0066291	1.210341	-8.070155	0.8771568	0.005142189	3572.6594474315643
446	-12.88665	3.440137	-7.641395	-18.893776	-11.232679	3.0157573	-6.778444	-15.106664	240.0	240.0	1783999	-0.91725415	1.0017822	0.87284803	-8.530853	0.89766675	0.005025221	3581.142106771469
447	-11.820348	2.9973578	-6.9631987	-19.245213	-8.974794	2.297749	-4.7378163	-11.505983	240.0	240.0	1787999	-0.93717366	1.004449	0.9618325	-8.61307	0.9170655	0.004725236	3589.4020998477936
448	-11.520353	2.7535977	-6.8955717	-19.216324	-10.151857	3.0969312	-5.105139	-15.122074	240.0	240.0	1791999	-0.932496	1.0135596	1.0487471	-8.847417	0.9115619	0.004818842	3597.6218955516815
449	-11.639682	3.0467036	-6.363033	-18.775267	-9.29351	2.8959718	-6.100409	-14.917022	240.0	240.0	1795999	-0.9214832	1.0172884	0.75706387	-8.7426	0.90083534	0.0048713703	3605.631546497345
